0 0.0575714 0.51476 0.0764155 0.0764463
0 0.257305 0.405431 0.0746667 0.0745365
0 0.566676 0.788102 0.0766296 0.0751943
0 0.250459 0.297258 0.0762377 0.0757453
0 0.130315 0.447452 0.0833287 0.0815106
0 0.613842 0.915834 0.0709169 0.0710098
0 0.863765 0.727229 0.08536 0.0842944
0 0.0201905 0.425006 0.0402096 0.0816274
0 0.236625 0.695616 0.061408 0.0611481
0 0.860826 0.323345 0.0714546 0.0707162
0 0.599495 0.915574 0.0709417 0.0710529
0 0.843009 0.8214 0.0671309 0.0668218
0 0.857481 0.821415 0.067857 0.0669558
0 0.210403 0.394201 0.0796398 0.0812875
0 0.627521 0.434363 0.0605688 0.0597196
0 0.885083 0.146794 0.0764503 0.0769662
0 0.312933 0.46788 0.0840584 0.0833135
0 0.729297 0.455427 0.0715431 0.0727179
0 0.674142 0.55663 0.069751 0.0697164
0 0.554696 0.351299 0.0719503 0.0726338
0 0.703527 0.760243 0.0824854 0.0835003
0 0.503846 0.498643 0.0570208 0.057318
0 0.668691 0.654993 0.0771227 0.0773097
0 0.717941 0.760747 0.0835871 0.0834456
0 0.68891 0.556494 0.0694042 0.0702011
0 0.777764 0.566741 0.0631264 0.0633629
0 0.889578 0.468802 0.0846813 0.0858849
0 0.792213 0.56731 0.0618606 0.0632093
0 0.46242 0.485025 0.0520676 0.0533951
0 0.363528 0.379768 0.0724152 0.0727486
0 0.742054 0.455963 0.0723518 0.0731026
0 0.935678 0.337568 0.0839439 0.0842968
0 0.465121 0.323927 0.0800844 0.0806458
0 0.418877 0.404695 0.0546468 0.0561726
0 0.641514 0.434722 0.0610815 0.0605584
0 0.557227 0.271485 0.054372 0.0536572
0 0.655341 0.363017 0.0520347 0.0517592
0 0.540224 0.351114 0.0717253 0.072681
0 0.731596 0.939511 0.0755839 0.0754704
0 0.844617 0.259271 0.0396002 0.0400068
0 0.223282 0.696001 0.0616708 0.0613904
0 0.195766 0.222597 0.0732324 0.0755249
0 0.451056 0.324147 0.0813712 0.0808546
0 0.397398 0.470764 0.0541535 0.0546202
0 0.376046 0.541448 0.0598585 0.0592842
0 0.411325 0.471402 0.053016 0.0535988
0 0.732361 0.607062 0.0593336 0.0596034
0 0.389491 0.306669 0.0768516 0.0771596
0 0.685239 0.47667 0.053628 0.0535029
0 0.348223 0.379428 0.0719417 0.0724826
0 0.682036 0.654126 0.0790186 0.0782742
0 0.664329 0.2653 0.0595147 0.0604065
0 0.874519 0.469689 0.0840759 0.0858057
0 0.271073 0.16952 0.0444333 0.0447954
0 0.745024 0.939618 0.0752905 0.0752965
0 0.96319 0.233626 0.0721371 0.0772521
0 0.389088 0.541061 0.0604087 0.0604411
0 0.97841 0.572655 0.0430134 0.0555907
0 0.44005 0.797752 0.0627033 0.061842
0 0.747163 0.60839 0.0585848 0.0579214
0 0.847542 0.323014 0.0703852 0.0701274
0 0.43321 0.404491 0.05536 0.0555052
0 0.678259 0.94529 0.0630627 0.064638
0 0.744488 0.678711 0.0476349 0.0473648
0 0.672037 0.475695 0.0540469 0.0532019
0 0.449057 0.484723 0.0527876 0.0534044
0 0.606273 0.730966 0.0627925 0.0635445
0 0.241718 0.78328 0.0690027 0.0722237
0 0.403553 0.306528 0.0765041 0.0779399
0 0.31614 0.259248 0.0442329 0.0435191
0 0.829328 0.495965 0.0468468 0.0481186
0 0.125981 0.531075 0.0445643 0.044389
0 0.800661 0.182455 0.0570843 0.0567406
0 0.454487 0.797825 0.0627712 0.0606733
0 0.639307 0.500632 0.0505409 0.0496761
0 0.719687 0.200543 0.0857151 0.0860418
0 0.318595 0.628868 0.0585368 0.0572472
0 0.40889 0.884354 0.061164 0.0626671
0 0.137457 0.530813 0.0451025 0.0442077
0 0.490254 0.498671 0.0571438 0.056622
0 0.555639 0.875723 0.0561976 0.0570492
0 0.734625 0.200833 0.085898 0.0863084
0 0.0745469 0.610459 0.0673334 0.0668976
0 0.570897 0.271345 0.0546219 0.0539595
0 0.399816 0.719491 0.0704556 0.0695143
0 0.591877 0.731712 0.0614038 0.0620992
0 0.394511 0.884703 0.0609264 0.0620338
0 0.551849 0.788683 0.0739329 0.0728228
0 0.374912 0.163677 0.0735937 0.0720385
0 0.870971 0.146345 0.0767927 0.0778769
0 0.257302 0.169649 0.0448313 0.0457925
0 0.247275 0.0924 0.0768468 0.0751079
0 0.237836 0.29685 0.0742873 0.0741471
0 0.360415 0.16379 0.0731062 0.0724096
0 0.663944 0.945304 0.064706 0.0650297
0 0.33282 0.628484 0.0583991 0.0578293
0 0.115779 0.447042 0.08135 0.0808099
0 0.332784 0.553722 0.0541433 0.0539364
0 0.928961 0.644563 0.048671 0.0485615
0 0.0197511 0.701239 0.0393043 0.0613261
0 0.625593 0.500231 0.0513899 0.0505549
0 0.948357 0.445529 0.0593248 0.0592594
0 0.759079 0.678718 0.0471293 0.0471446
0 0.235282 0.221159 0.0477049 0.0488762
0 0.786352 0.182098 0.0565853 0.0581127
0 0.516172 0.305049 0.0417142 0.0415956
0 0.185914 0.527583 0.0680987 0.0682885
0 0.831265 0.259099 0.0393459 0.0398187
0 0.541121 0.874918 0.0576574 0.0578069
0 0.669475 0.363065 0.050881 0.052195
0 0.302339 0.259168 0.0429006 0.0436643
0 0.409526 0.202343 0.048214 0.0490617
0 0.129573 0.691678 0.0643533 0.0626806
0 0.963677 0.109589 0.0718273 0.0760684
0 0.198027 0.527672 0.0681098 0.067662
0 0.330567 0.960026 0.0615191 0.0606233
0 0.424094 0.202158 0.0475756 0.0481874
0 0.815277 0.495585 0.0465895 0.0473956
0 0.935207 0.446067 0.0599279 0.0580867
0 0.163081 0.322102 0.0417556 0.0413848
0 0.52993 0.305925 0.0410862 0.0406349
0 0.162541 0.75631 0.0538049 0.0549866
0 0.40722 0.0631931 0.0703998 0.0705165
0 0.915699 0.644413 0.0496853 0.0482353
0 0.176101 0.756107 0.0541748 0.0550365
0 0.775689 0.510566 0.0316015 0.0312726
0 0.331008 0.698449 0.0494246 0.0508488
0 0.233776 0.0916296 0.0744625 0.0769365
0 0.100306 0.267451 0.0774079 0.077278
0 0.52353 0.0701202 0.0669472 0.0675673
0 0.650434 0.264596 0.0602555 0.0618088
0 0.338463 0.774051 0.056028 0.0552867
0 0.565019 0.205995 0.0568638 0.0584801
0 0.484887 0.187167 0.0482096 0.0497895
0 0.509408 0.831531 0.0525198 0.0542356
0 0.950629 0.336454 0.0864685 0.0849012
0 0.551333 0.205229 0.0560997 0.0563657
0 0.443012 0.153412 0.0560031 0.0567067
0 0.801063 0.120435 0.0519501 0.0527569
0 0.430035 0.15351 0.0571178 0.0570002
0 0.344698 0.698472 0.0485476 0.0495478
0 0.304108 0.880849 0.0672547 0.0670874
0 0.386286 0.719562 0.0696177 0.0690413
0 0.502949 0.265134 0.0339252 0.0345113
0 0.84144 0.390256 0.0468502 0.045959
0 0.760844 0.51113 0.0314222 0.0312414
0 0.0883402 0.134166 0.077815 0.0777405
0 0.786791 0.12056 0.0527193 0.05335
0 0.855554 0.39029 0.0459534 0.0454341
0 0.100784 0.134671 0.0785041 0.0810643
0 0.714303 0.373849 0.0392263 0.038711
0 0.154971 0.148996 0.0619133 0.0613198
0 0.394325 0.0630195 0.0717704 0.0712122
0 0.509387 0.0687854 0.0676499 0.0683113
0 0.499153 0.18706 0.0486899 0.0493652
0 0.982298 0.652092 0.0353966 0.0648455
0 0.461264 0.847836 0.0474976 0.0476289
0 0.493497 0.832196 0.0523149 0.0530596
0 0.978149 0.50641 0.0434345 0.0483732
0 0.221506 0.221393 0.0456697 0.0485155
0 0.887523 0.388211 0.0355526 0.0354639
0 0.086489 0.267754 0.076525 0.0771099
0 0.0938891 0.378238 0.0602949 0.0591778
0 0.289579 0.881376 0.0686163 0.0671926
0 0.323213 0.774922 0.0574224 0.0565347
0 0.320162 0.553837 0.0538575 0.054567
0 0.318002 0.960208 0.0616776 0.060861
0 0.489616 0.265064 0.0352573 0.0350541
0 0.141398 0.149549 0.0618362 0.0616868
0 0.22981 0.783301 0.0712116 0.0704762
0 0.288419 0.768394 0.0649942 0.0672541
0 0.493466 0.918463 0.0539368 0.0553535
0 0.30342 0.769145 0.0678702 0.0689424
0 0.815619 0.945116 0.0440256 0.0432105
0 0.700815 0.374175 0.0385305 0.0398908
0 0.800342 0.9455 0.0438887 0.0433703
0 0.163664 0.604489 0.0607115 0.0587521
0 0.237868 0.86937 0.0601159 0.0592378
0 0.477527 0.918926 0.0544875 0.0559757
0 0.149543 0.322052 0.0414964 0.042186
0 0.175216 0.827031 0.0488783 0.0478457
0 0.0780755 0.377601 0.060826 0.0597335
0 0.162156 0.827032 0.0493121 0.0480368
0 0.276666 0.543537 0.0570045 0.054565
0 0.264221 0.54282 0.0578292 0.0569135
0 0.591703 0.987442 0.0541138 0.0251154
0 0.876544 0.387612 0.0361462 0.0358517
0 0.448002 0.846913 0.0485799 0.0489202
0 0.140044 0.690543 0.0630802 0.0617564
0 0.856326 0.0988529 0.0755339 0.0771239
0 0.365091 0.8344 0.0554215 0.053849
0 0.579239 0.988744 0.0611458 0.0225114
0 0.224756 0.870423 0.0588046 0.0594261
0 0.382148 0.983801 0.059431 0.0323983
0 0.215244 0.129318 0.0428833 0.0423719
0 0.0215083 0.34532 0.0427548 0.0512814
0 0.988676 0.652576 0.0226482 0.0661898
0 0.0443294 0.785385 0.0834707 0.0868309
0 0.220249 0.305882 0.0507608 0.0561401
0 0.349982 0.837583 0.0538156 0.0538823
0 0.271948 0.844611 0.0429057 0.0444548
0 0.201691 0.129516 0.0410502 0.0414969
0 0.237541 0.633628 0.0361722 0.0358298
0 0.345572 0.0625125 0.0421938 0.043715
0 0.638589 0.988973 0.0637913 0.022054
0 0.264025 0.0158679 0.0658356 0.0317359
0 0.370028 0.983504 0.058652 0.0329615
0 0.471744 0.0988965 0.0405439 0.0424469
0 0.258372 0.844202 0.0420651 0.0428668
0 0.0135348 0.702385 0.0270696 0.0633532
0 0.652365 0.184588 0.0314677 0.0319681
0 0.62683 0.988455 0.0555153 0.0230905
0 0.952409 0.111715 0.0754459 0.075804
0 0.184916 0.595574 0.0437401 0.0467945
0 0.225793 0.633353 0.0363831 0.0372304
0 0.220286 0.976063 0.0963371 0.0472471
0 0.457855 0.0988556 0.0409285 0.0424932
0 0.970753 0.507615 0.0468632 0.0480464
0 0.123759 0.645476 0.0412358 0.0408861
0 0.329614 0.401866 0.0418158 0.0423346
0 0.331416 0.0639876 0.0424168 0.0427443
0 0.55788 0.0304078 0.0493614 0.0519208
0 0.574466 0.0331586 0.0493942 0.0492986
0 0.175902 0.598466 0.0473104 0.050688
0 0.251077 0.0149462 0.0681926 0.0298126
0 0.278506 0.600463 0.0413295 0.0388415
0 0.755051 0.0218945 0.0744683 0.043789
0 0.182681 0.222291 0.0745828 0.0727666
0 0.638632 0.184587 0.0314346 0.0320519
0 0.135075 0.646326 0.0426365 0.0433685
0 0.461439 0.979132 0.090456 0.0417358
0 0.452494 0.904465 0.0311524 0.0323936
0 0.386105 0.978345 0.0707881 0.043286
0 0.231757 0.631994 0.0399696 0.0394366
