0 0.0855435 0.689429 0.158028 0.159196
0 0.185127 0.949325 0.162194 0.10135
0 0.89104 0.656482 0.150957 0.150318
0 0.880124 0.952711 0.126118 0.0945775
0 0.344616 0.540975 0.121676 0.119518
0 0.450975 0.753664 0.148984 0.14961
0 0.830622 0.188954 0.126195 0.127247
0 0.57045 0.948877 0.119584 0.102247
0 0.229308 0.706973 0.120404 0.122586
0 0.440923 0.967205 0.14474 0.06559
0 0.966951 0.782658 0.0660975 0.0960481
0 0.682823 0.516014 0.115735 0.114286
0 0.605769 0.539345 0.120968 0.122488
0 0.382532 0.228206 0.114678 0.112454
0 0.645089 0.336783 0.116636 0.120432
0 0.131459 0.557422 0.114179 0.110843
0 0.501382 0.116008 0.107611 0.105569
0 0.0426356 0.969373 0.0844968 0.0608013
0 0.033868 0.963603 0.0677359 0.0715949
0 0.924624 0.334224 0.105838 0.102758
0 0.345356 0.396855 0.100077 0.0993715
0 0.6941 0.330283 0.0951059 0.0921603
0 0.227938 0.120366 0.107586 0.106297
0 0.791525 0.767415 0.0842382 0.0849943
0 0.899251 0.398449 0.110857 0.109816
0 0.710396 0.806777 0.0792505 0.0790484
0 0.637139 0.7944 0.0756388 0.074601
0 0.239681 0.881521 0.069551 0.069415
0 0.356759 0.707284 0.0886371 0.0883497
0 0.69602 0.805748 0.077791 0.0772498
0 0.559791 0.294485 0.0695232 0.0696618
0 0.342383 0.70482 0.088227 0.0882839
0 0.695577 0.794075 0.0893316 0.0884206
0 0.624093 0.794049 0.0751605 0.0764061
0 0.653811 0.0354087 0.109916 0.0708174
0 0.553368 0.88462 0.0830658 0.0827367
0 0.80569 0.620828 0.05546 0.0550308
0 0.963458 0.965946 0.0721378 0.0681084
0 0.278196 0.316344 0.0646003 0.0640355
0 0.263118 0.315563 0.063622 0.0635276
0 0.546076 0.293813 0.0684458 0.0703278
0 0.724231 0.467784 0.0740167 0.0744555
0 0.0510415 0.958797 0.0984418 0.0821198
0 0.5663 0.692654 0.0812019 0.0810202
0 0.225233 0.882718 0.0707209 0.0716938
0 0.538892 0.88529 0.0800684 0.0803214
0 0.976669 0.958721 0.0459126 0.0800114
0 0.227156 0.549221 0.110195 0.11115
0 0.93018 0.424817 0.0893436 0.0879967
0 0.55164 0.693351 0.0801001 0.0789716
0 0.0534023 0.977141 0.104887 0.0456092
0 0.304806 0.311933 0.0637097 0.0625577
0 0.968522 0.973416 0.0621086 0.0531451
0 0.320098 0.31359 0.0634914 0.0628605
0 0.79213 0.62071 0.055365 0.0554352
0 0.71141 0.467442 0.0763504 0.0762389
0 0.860828 0.535259 0.0554068 0.0570342
0 0.977756 0.973923 0.0444389 0.051403
0 0.84721 0.534806 0.0558098 0.0577082
0 0.230677 0.343565 0.0559232 0.0570972
0 0.967435 0.952951 0.0648378 0.093965
0 0.739037 0.0536338 0.0868288 0.0909955
0 0.0284221 0.950776 0.0568443 0.0951424
0 0.0683503 0.973202 0.136615 0.0529902
0 0.952408 0.970254 0.0945793 0.0594928
0 0.216192 0.343057 0.0553823 0.0573107
0 0.0415352 0.948731 0.081844 0.101822
0 0.659443 0.199269 0.0827175 0.0824709
0 0.941008 0.961308 0.117985 0.0766284
0 0.45058 0.974318 0.147396 0.0511565
0 0.944414 0.425577 0.0913824 0.09318
0 0.475805 0.370448 0.0870043 0.0860096
0 0.411431 0.520947 0.0796966 0.0812472
0 0.95052 0.979127 0.0951092 0.0417462
0 0.644185 0.0284965 0.106061 0.0568557
0 0.591916 0.0219411 0.0663671 0.0438822
0 0.976025 0.661416 0.04795 0.117809
0 0.787224 0.484489 0.0605791 0.0618142
0 0.0757023 0.980696 0.142898 0.0383647
0 0.771935 0.486061 0.0606182 0.0600446
0 0.128281 0.976434 0.142879 0.0469879
0 0.645386 0.201073 0.081674 0.0813231
0 0.129838 0.981675 0.126466 0.0366494
0 0.0828896 0.960189 0.160086 0.078877
