0 0.0889449 0.823446 0.17789 0.222777
0 0.873121 0.679549 0.193113 0.192911
0 0.489242 0.613285 0.1976 0.19581
0 0.27336 0.699554 0.175611 0.175096
0 0.87297 0.916729 0.204197 0.166543
0 0.671051 0.542212 0.169928 0.169664
0 0.285453 0.40686 0.177411 0.175727
0 0.33502 0.926574 0.163634 0.146851
0 0.127006 0.476684 0.153974 0.154516
0 0.450185 0.270359 0.171938 0.168088
0 0.87574 0.150199 0.142278 0.138128
0 0.791892 0.322529 0.144711 0.14529
0 0.54888 0.460818 0.135811 0.133361
0 0.0362619 0.953267 0.0725237 0.0920354
0 0.626418 0.234784 0.107269 0.106306
0 0.810109 0.513092 0.0893826 0.0900206
0 0.0517787 0.958201 0.102556 0.0835974
0 0.407448 0.744971 0.110734 0.110695
0 0.412566 0.48851 0.110154 0.107779
0 0.73576 0.583479 0.0745328 0.0754906
0 0.751127 0.583301 0.0743748 0.0745318
0 0.957895 0.964163 0.0834286 0.0715714
0 0.0585023 0.9417 0.117005 0.1166
0 0.0739987 0.0520697 0.142822 0.104139
0 0.629958 0.969373 0.189979 0.0612551
0 0.0411593 0.964374 0.0823187 0.0712521
0 0.969607 0.956639 0.0600075 0.085142
0 0.138024 0.276764 0.0862783 0.0849906
0 0.057087 0.970188 0.110147 0.0596236
0 0.0421838 0.515027 0.0836133 0.119403
0 0.939739 0.968635 0.116131 0.0627298
0 0.0312623 0.0376093 0.0624777 0.0745504
0 0.0225638 0.0347943 0.0451239 0.0693875
0 0.0791478 0.961985 0.158296 0.0760299
0 0.56626 0.195867 0.0689508 0.069794
0 0.09191 0.95239 0.179225 0.0948387
0 0.169077 0.980413 0.143575 0.0388975
0 0.947955 0.954361 0.103909 0.0895287
0 0.0466719 0.029293 0.0932911 0.058586
0 0.924901 0.957008 0.150199 0.0849968
0 0.122794 0.276307 0.0837339 0.085222
0 0.551765 0.198615 0.0672808 0.068198
0 0.759165 0.167092 0.150901 0.146046
0 0.631972 0.958203 0.200577 0.0835944
0 0.704207 0.241653 0.0894768 0.0889478
0 0.076952 0.0387101 0.153904 0.0774203
0 0.750196 0.188237 0.143939 0.137568
0 0.0736858 0.976473 0.142519 0.0467547
0 0.68897 0.244505 0.0889345 0.0891648
0 0.912561 0.967049 0.174878 0.0659012
