0 0.85992 0.583138 0.112449 0.112672
0 0.392149 0.877308 0.114493 0.112126
0 0.948357 0.841536 0.102415 0.110888
0 0.918914 0.301719 0.100752 0.100837
0 0.945496 0.134575 0.107092 0.115054
0 0.0841589 0.141365 0.110856 0.108463
0 0.10493 0.843029 0.103855 0.101979
0 0.748346 0.958331 0.125782 0.0833384
0 0.84102 0.744426 0.119347 0.119576
0 0.966739 0.59286 0.0665223 0.113254
0 0.872835 0.901003 0.107095 0.104772
0 0.275098 0.103032 0.106052 0.107265
0 0.528108 0.0571172 0.112715 0.10536
0 0.841519 0.472181 0.0999558 0.099584
0 0.0723551 0.646613 0.0958379 0.0934565
0 0.290868 0.592503 0.0987209 0.0982959
0 0.606949 0.666948 0.115187 0.114004
0 0.318823 0.369039 0.108282 0.109063
0 0.681366 0.160308 0.109076 0.110036
0 0.154387 0.22385 0.105251 0.106368
0 0.580633 0.185708 0.104956 0.105582
0 0.449478 0.496543 0.103724 0.103758
0 0.654584 0.0880329 0.105288 0.104774
0 0.769918 0.631716 0.0931452 0.0936016
0 0.661857 0.892142 0.0843902 0.0842351
0 0.719135 0.493479 0.0984377 0.0985729
0 0.0815028 0.288372 0.100285 0.100327
0 0.583592 0.484582 0.089109 0.0899277
0 0.0518993 0.54775 0.0781334 0.0742338
0 0.611758 0.290794 0.117962 0.116106
0 0.495674 0.596979 0.104646 0.103489
0 0.389525 0.601814 0.097183 0.096778
0 0.141281 0.966998 0.112333 0.0660034
0 0.703996 0.369623 0.101989 0.100549
0 0.491093 0.890039 0.0769194 0.075757
0 0.85895 0.0488235 0.119813 0.0972153
0 0.658429 0.772236 0.0910143 0.0921293
0 0.723213 0.696387 0.058759 0.0589381
0 0.649571 0.452253 0.0694107 0.0697463
0 0.182001 0.566561 0.0772053 0.0784335
0 0.353871 0.706151 0.0701955 0.0701131
0 0.438165 0.349712 0.0795586 0.0785339
0 0.520715 0.702402 0.0660798 0.0656036
0 0.475614 0.785609 0.0793493 0.0789693
0 0.490042 0.785506 0.0798459 0.0793233
0 0.514287 0.379786 0.0896721 0.0900853
0 0.730682 0.836524 0.0467472 0.0468558
0 0.787046 0.854049 0.0628551 0.0621412
0 0.0262073 0.783805 0.0522429 0.0759126
0 0.356837 0.226494 0.0807023 0.08135
0 0.772353 0.85359 0.0608149 0.0612202
0 0.636167 0.451618 0.068799 0.0690832
0 0.709676 0.69618 0.0581175 0.05965
0 0.423503 0.349236 0.0777919 0.0776
0 0.558179 0.934071 0.0701038 0.0704039
0 0.544681 0.93312 0.0695648 0.0698729
0 0.652649 0.567124 0.0693241 0.0705778
0 0.506958 0.702573 0.0668439 0.0660533
0 0.587571 0.417155 0.0633148 0.0627576
0 0.71622 0.836667 0.0483234 0.0469485
0 0.522322 0.483603 0.055011 0.055581
0 0.499637 0.13487 0.0661295 0.066117
0 0.355757 0.973709 0.0899114 0.0525822
0 0.509154 0.483974 0.0541538 0.0553696
0 0.573782 0.417917 0.0649352 0.0643783
0 0.851972 0.238667 0.0785626 0.0793356
0 0.478527 0.966173 0.0788216 0.0676535
0 0.376403 0.531423 0.0656535 0.0636384
0 0.640023 0.56734 0.069685 0.0715469
0 0.368564 0.706061 0.0699123 0.0698781
0 0.463839 0.702887 0.060895 0.0597748
0 0.575118 0.81168 0.103186 0.103388
0 0.363071 0.53016 0.0668249 0.0650169
0 0.450228 0.701601 0.0625516 0.0634197
0 0.444029 0.226339 0.0812393 0.0819243
0 0.224417 0.387566 0.0808279 0.0805855
0 0.173645 0.888872 0.0466054 0.0467206
0 0.40525 0.0831934 0.099275 0.0955767
0 0.485133 0.135716 0.0672708 0.066735
0 0.160925 0.890016 0.047284 0.0475348
0 0.285545 0.686499 0.0481211 0.04924
0 0.799272 0.538843 0.0501324 0.0505512
0 0.318507 0.869366 0.0527345 0.0538587
0 0.807663 0.374613 0.0560666 0.0566516
0 0.852015 0.273943 0.0413204 0.0411713
0 0.686777 0.637458 0.0552433 0.057697
0 0.0464086 0.41093 0.0926462 0.100759
0 0.343339 0.225396 0.0824406 0.0804133
0 0.37102 0.113669 0.0527109 0.0541295
0 0.258831 0.465882 0.072788 0.0726115
0 0.78596 0.538863 0.0503479 0.0506995
0 0.340875 0.976527 0.087532 0.0468267
0 0.838919 0.273533 0.0406017 0.0410819
0 0.272991 0.465976 0.0749848 0.0739257
0 0.128348 0.739661 0.0394975 0.039146
0 0.119812 0.739418 0.0431406 0.0420898
0 0.793322 0.374962 0.0557207 0.0569786
0 0.306394 0.869553 0.0554411 0.0544239
0 0.0867336 0.478757 0.0440895 0.0468128
0 0.273525 0.686093 0.0493918 0.0477076
0 0.790332 0.215181 0.0582653 0.0569047
0 0.385942 0.113514 0.053152 0.0541981
0 0.180191 0.449273 0.0751305 0.075096
0 0.139507 0.74032 0.0396834 0.0393823
0 0.674431 0.637164 0.0552563 0.0571849
0 0.738344 0.157709 0.0711868 0.0702128
0 0.0756272 0.478287 0.0468111 0.0464002
0 0.338602 0.983877 0.0916148 0.0322456
0 0.444987 0.137948 0.0540072 0.0561117
0 0.840142 0.235347 0.0745003 0.0737868
0 0.196923 0.123881 0.0687864 0.068835
0 0.776452 0.215325 0.0575829 0.0570599
0 0.237726 0.38882 0.0809013 0.0787295
0 0.109964 0.739117 0.0449934 0.0426788
0 0.0406693 0.398402 0.0801481 0.0876048
0 0.725119 0.157963 0.0710821 0.0729919
0 0.459317 0.139324 0.0556192 0.0558225
0 0.181379 0.121766 0.0682804 0.0692324
0 0.465735 0.963159 0.0814546 0.0712944
0 0.428432 0.768441 0.0461637 0.0460452
0 0.955981 0.978022 0.0855087 0.0439564
0 0.845798 0.980351 0.114652 0.0392972
0 0.97019 0.977503 0.0591476 0.0440173
0 0.0293018 0.978456 0.0580108 0.0430874
0 0.848485 0.987533 0.104451 0.0249335
0 0.136036 0.974695 0.107171 0.050566
0 0.418718 0.767904 0.0496366 0.0479129
0 0.270636 0.193591 0.0505797 0.0495835
0 0.829681 0.98596 0.10608 0.0280797
0 0.191909 0.452776 0.0779959 0.0747205
0 0.0342601 0.969339 0.0685203 0.0610024
0 0.0197693 0.778887 0.0395067 0.0777654
0 0.255305 0.194586 0.0504387 0.0504547
0 0.0208783 0.976811 0.0414703 0.0452265
