0 0.563878 0.60632 0.0697607 0.0702103
0 0.597846 0.515999 0.0747265 0.0759398
0 0.577839 0.606032 0.0708944 0.0708822
0 0.751354 0.330497 0.0588154 0.0585676
0 0.95085 0.258783 0.0836771 0.0814469
0 0.396709 0.528057 0.0856372 0.0853531
0 0.510667 0.372557 0.071364 0.0708988
0 0.90812 0.166535 0.0680317 0.0669689
0 0.147655 0.717782 0.0822958 0.0844302
0 0.647373 0.594421 0.0770148 0.076754
0 0.88632 0.41311 0.0843674 0.0831842
0 0.455653 0.781259 0.0595619 0.0608482
0 0.427218 0.239548 0.0561558 0.0560547
0 0.741736 0.216375 0.0849307 0.0840569
0 0.199604 0.814275 0.08269 0.0824967
0 0.420632 0.407782 0.0571815 0.0572499
0 0.550243 0.908175 0.077052 0.0786162
0 0.413792 0.238916 0.0542626 0.0549096
0 0.525149 0.37287 0.0716559 0.0717057
0 0.456878 0.509614 0.077382 0.0772389
0 0.68804 0.494474 0.0782862 0.0770107
0 0.81408 0.230219 0.0747473 0.0741077
0 0.515993 0.0772401 0.0898056 0.0904774
0 0.520167 0.471384 0.0605186 0.0606622
0 0.531667 0.782117 0.0735196 0.0736459
0 0.43486 0.408499 0.057295 0.055872
0 0.875907 0.528293 0.0864309 0.0863978
0 0.281198 0.461945 0.072446 0.0710133
0 0.621621 0.298624 0.0910993 0.0917916
0 0.527003 0.541509 0.0500748 0.0502307
0 0.46677 0.926279 0.081711 0.080731
0 0.5861 0.743005 0.0541924 0.0542763
0 0.781758 0.526234 0.0536969 0.0537883
0 0.737192 0.330392 0.0586853 0.0586731
0 0.471452 0.509318 0.0790266 0.0797768
0 0.292771 0.376208 0.0671475 0.066257
0 0.672773 0.494087 0.078252 0.0775017
0 0.516798 0.783936 0.0713453 0.0722215
0 0.534072 0.471536 0.0610508 0.0608105
0 0.466121 0.288881 0.079015 0.0803162
0 0.363898 0.195739 0.0674026 0.067284
0 0.659498 0.746622 0.0547631 0.0554118
0 0.202373 0.288357 0.0821325 0.0826667
0 0.829026 0.22959 0.0738338 0.073827
0 0.218302 0.538852 0.0817974 0.083105
0 0.316811 0.479315 0.0509514 0.0514606
0 0.861618 0.528511 0.0848061 0.0844079
0 0.470102 0.781107 0.060191 0.0609418
0 0.480747 0.288539 0.0816465 0.081311
0 0.326788 0.0705683 0.0846972 0.0839916
0 0.583364 0.515414 0.0753917 0.0753202
0 0.253617 0.624703 0.0745836 0.0730511
0 0.331186 0.479042 0.0503518 0.0514668
0 0.86297 0.756516 0.0696129 0.0696686
0 0.629362 0.813618 0.0585899 0.0584782
0 0.200645 0.714424 0.0885428 0.0876417
0 0.269509 0.208122 0.0657297 0.0655126
0 0.644471 0.813875 0.0602238 0.058894
0 0.782703 0.875811 0.0604906 0.059502
0 0.777295 0.411691 0.0748033 0.075975
0 0.0896935 0.244219 0.0726355 0.0732252
0 0.267593 0.624871 0.0749836 0.0732894
0 0.540566 0.541157 0.0496462 0.0500244
0 0.393415 0.287621 0.0814646 0.0803228
0 0.858635 0.962089 0.081675 0.0749898
0 0.348557 0.195349 0.0670654 0.0669018
0 0.500502 0.0767428 0.0896502 0.0901019
0 0.299649 0.549038 0.0567336 0.0552785
0 0.790585 0.684232 0.0831347 0.0831116
0 0.239891 0.114172 0.0616981 0.0642235
0 0.718852 0.376572 0.0459213 0.0460673
0 0.341973 0.0711233 0.0847449 0.0849054
0 0.0838654 0.655198 0.0834564 0.0820079
0 0.57189 0.742789 0.0540215 0.0543196
0 0.733064 0.437909 0.0544815 0.0534318
0 0.644318 0.746873 0.0556288 0.054539
0 0.949091 0.0609936 0.0677719 0.0679092
0 0.378075 0.287601 0.0813295 0.0797901
0 0.187702 0.287672 0.0815712 0.081316
0 0.452711 0.927911 0.0789281 0.077762
0 0.355763 0.747055 0.0570968 0.0573024
0 0.278675 0.376172 0.0647932 0.065664
0 0.591816 0.193375 0.052786 0.0543842
0 0.53567 0.906388 0.076512 0.0787463
0 0.315003 0.549336 0.0564894 0.0551128
0 0.293699 0.292411 0.0550194 0.0556783
0 0.632778 0.594648 0.0768366 0.0755386
0 0.682536 0.151745 0.062443 0.061939
0 0.768004 0.526919 0.0529055 0.0546481
0 0.279604 0.846829 0.0557329 0.0550341
0 0.153015 0.380382 0.0708148 0.0709545
0 0.622342 0.101995 0.0498097 0.0497682
0 0.668893 0.151932 0.0627082 0.0637848
0 0.293349 0.717239 0.0757433 0.0773095
0 0.691433 0.207369 0.0353333 0.0355201
0 0.775975 0.683441 0.0819583 0.0821513
0 0.871683 0.413695 0.0838486 0.0831281
0 0.254577 0.332413 0.0473186 0.0474426
0 0.894236 0.166438 0.0688686 0.0675149
0 0.37963 0.377227 0.0472151 0.0475538
0 0.370497 0.746977 0.055668 0.0564418
0 0.138949 0.380247 0.0690713 0.0702011
0 0.852002 0.617264 0.0561754 0.0553551
0 0.191736 0.368506 0.0569248 0.0567895
0 0.416451 0.76822 0.0431026 0.0430426
0 0.264176 0.847153 0.0553053 0.0560071
0 0.750148 0.0780169 0.0767212 0.0766291
0 0.762192 0.581004 0.0469751 0.0465691
0 0.200569 0.621423 0.0681676 0.068751
0 0.727042 0.216124 0.0831623 0.084211
0 0.0932755 0.445887 0.065565 0.064263
0 0.762347 0.412096 0.0727148 0.0736202
0 0.206232 0.368101 0.0566947 0.0566886
0 0.748088 0.58111 0.0467326 0.0474851
0 0.278466 0.292735 0.0566636 0.0575995
0 0.675048 0.0529528 0.0771597 0.0771662
0 0.559172 0.286451 0.0400642 0.0399525
0 0.732934 0.376876 0.0446331 0.0453253
0 0.274623 0.124347 0.0600235 0.0597928
0 0.735669 0.0776833 0.076898 0.0768843
0 0.288477 0.124435 0.0595689 0.058953
0 0.767189 0.87581 0.0589969 0.0601894
0 0.306555 0.716712 0.0779591 0.0782168
0 0.934892 0.0603581 0.0681906 0.0687986
0 0.120643 0.138875 0.0699787 0.0706852
0 0.979202 0.889708 0.0415965 0.0844931
0 0.837478 0.617438 0.057045 0.0565211
0 0.718679 0.437586 0.0540783 0.0540895
0 0.577527 0.193801 0.0535025 0.0546611
0 0.661905 0.0522529 0.0767019 0.0765418
0 0.240023 0.332356 0.0469519 0.0476626
0 0.847484 0.756542 0.070904 0.0697301
0 0.721087 0.707298 0.0475698 0.0484371
0 0.43848 0.574463 0.0394899 0.0394793
0 0.254087 0.207435 0.0667153 0.0663642
0 0.637136 0.102568 0.0490906 0.0487374
0 0.574451 0.128315 0.0343287 0.0340177
0 0.563504 0.235903 0.0513126 0.0506798
0 0.216448 0.713925 0.0882495 0.0867873
0 0.561535 0.0455108 0.0519581 0.0516557
0 0.357433 0.792061 0.0467862 0.0463783
0 0.727182 0.511723 0.0438758 0.0466323
0 0.184596 0.814053 0.0836927 0.0834524
0 0.932062 0.923139 0.0565701 0.0571999
0 0.577445 0.235961 0.0517267 0.0519468
0 0.186916 0.621494 0.0702131 0.0706787
0 0.825296 0.151964 0.0440788 0.0440693
0 0.740581 0.511209 0.0452394 0.0465984
0 0.105361 0.138317 0.0696805 0.0695108
0 0.07384 0.243961 0.0710793 0.0727561
0 0.844987 0.962195 0.0799696 0.0733963
0 0.267076 0.967338 0.0738459 0.0653249
0 0.588968 0.128336 0.0338936 0.0343549
0 0.303981 0.794693 0.0534851 0.0516919
0 0.0788592 0.445618 0.0649702 0.0650583
0 0.812518 0.804153 0.0853405 0.0865102
0 0.811721 0.151678 0.044199 0.0444929
0 0.40234 0.76859 0.0421712 0.0427689
0 0.0693277 0.65453 0.0818311 0.0808654
0 0.736756 0.707526 0.048165 0.0482145
0 0.364063 0.37717 0.0488916 0.0486547
0 0.932669 0.715654 0.0718031 0.0726575
0 0.254445 0.96742 0.0741374 0.0646561
0 0.94657 0.922812 0.0557823 0.0571374
0 0.546734 0.0454485 0.0533474 0.0520686
0 0.947152 0.716088 0.074334 0.0738612
0 0.354907 0.356793 0.0552137 0.0560749
0 0.96972 0.414655 0.0601177 0.0645975
0 0.344117 0.792574 0.0467974 0.0461517
0 0.290914 0.795512 0.0544636 0.0531619
0 0.545001 0.286588 0.0393055 0.0403566
0 0.0975076 0.788942 0.0659943 0.066392
0 0.0843767 0.789105 0.0674384 0.0664932
0 0.341539 0.357261 0.0559658 0.0539703
0 0.959618 0.412944 0.0685223 0.0663782
0 0.614358 0.856144 0.0393002 0.0382085
0 0.410378 0.944851 0.054353 0.0531782
0 0.677626 0.206381 0.0365034 0.0358161
0 0.638091 0.21223 0.0346239 0.0353283
0 0.97877 0.157825 0.0424595 0.0811931
0 0.829271 0.8057 0.0891333 0.0894636
0 0.46729 0.359675 0.0383072 0.0382764
0 0.0600381 0.370776 0.0553821 0.0555794
0 0.119497 0.304624 0.0444221 0.0441123
0 0.13501 0.305327 0.0424959 0.0430593
0 0.623411 0.211662 0.0332371 0.0352343
0 0.337125 0.26073 0.0376234 0.0381609
0 0.206478 0.133635 0.0389188 0.039763
0 0.226363 0.114141 0.0627274 0.0631596
0 0.0444515 0.369837 0.0572553 0.0572392
0 0.451986 0.360231 0.0390194 0.0387955
0 0.240358 0.414126 0.0370871 0.0356482
0 0.321788 0.260378 0.0369796 0.0377151
0 0.396503 0.943718 0.0532306 0.0537902
0 0.254115 0.415142 0.0360934 0.0365977
0 0.781569 0.979438 0.0743662 0.0411233
0 0.191193 0.133723 0.0380183 0.0396877
0 0.288999 0.0740952 0.0588766 0.0631577
0 0.502017 0.845155 0.0439405 0.0456027
0 0.446582 0.617875 0.032271 0.031854
0 0.23872 0.906974 0.0420524 0.0422964
0 0.60022 0.856 0.0384657 0.0381933
0 0.985282 0.889297 0.0294352 0.0857091
0 0.222623 0.191778 0.0493336 0.0515109
0 0.376529 0.970397 0.0647206 0.056692
0 0.486231 0.844632 0.0429147 0.0438578
0 0.193301 0.96356 0.0524713 0.0549217
0 0.912189 0.685039 0.0298901 0.0293708
0 0.274296 0.0733059 0.0613194 0.0619481
0 0.424862 0.5747 0.0403593 0.0398829
0 0.881096 0.917191 0.0446793 0.0450801
0 0.894868 0.917214 0.0438377 0.0446238
0 0.448991 0.46735 0.0351727 0.0348179
0 0.148985 0.506044 0.0424774 0.0423719
0 0.675726 0.987616 0.0611003 0.0247681
0 0.985623 0.156796 0.0287546 0.079613
0 0.235721 0.192725 0.048417 0.0507964
0 0.18375 0.964212 0.0558327 0.0541143
0 0.135822 0.506597 0.0431208 0.0437584
0 0.768756 0.980389 0.0714943 0.0392217
0 0.432427 0.618326 0.0313875 0.0327985
0 0.985823 0.60603 0.0281216 0.0352506
0 0.662909 0.985851 0.059256 0.0282974
0 0.99248 0.605531 0.0150408 0.0356585
0 0.389681 0.969874 0.0658167 0.058355
0 0.899435 0.685175 0.0309605 0.0301422
0 0.97223 0.571898 0.034832 0.0353244
0 0.699765 0.907596 0.0339615 0.0327548
0 0.222803 0.907552 0.041664 0.0424896
0 0.434437 0.467183 0.0328041 0.0339071
0 0.869671 0.353438 0.0287535 0.0309778
0 0.0618288 0.274115 0.04328 0.0432743
0 0.161781 0.529674 0.0421152 0.0411155
0 0.049939 0.27449 0.0443667 0.0443274
0 0.066094 0.332779 0.0418689 0.0413094
0 0.895904 0.375565 0.064592 0.0591284
0 0.0752215 0.333357 0.0403719 0.0407412
0 0.983202 0.329081 0.0335951 0.0771576
0 0.78343 0.984962 0.0724541 0.0300761
0 0.769716 0.167941 0.0422939 0.0419587
0 0.306474 0.753796 0.0732377 0.0581047
0 0.787063 0.0886103 0.038706 0.0408618
0 0.755084 0.168286 0.042159 0.0430912
0 0.959342 0.571827 0.033289 0.0348094
0 0.685427 0.906924 0.0313026 0.0322058
0 0.988655 0.328911 0.02269 0.075545
0 0.984763 0.533531 0.0297274 0.0343459
0 0.858231 0.352506 0.0296257 0.0306043
0 0.729723 0.0280568 0.0735163 0.0554981
0 0.957124 0.979704 0.0715942 0.0405913
0 0.150001 0.529922 0.0406604 0.0401913
0 0.821272 0.104505 0.0323254 0.0326537
0 0.834753 0.103776 0.0336613 0.0357147
