0 0.0413282 0.940052 0.0826565 0.11594
0 0.659941 0.928463 0.140296 0.133196
0 0.750196 0.912669 0.106772 0.109636
0 0.949712 0.961071 0.098288 0.0778573
0 0.945548 0.840853 0.105199 0.109379
0 0.923875 0.617623 0.0984474 0.0993132
0 0.166878 0.964124 0.115043 0.0717523
0 0.1208 0.825585 0.135845 0.13375
0 0.238466 0.462418 0.107578 0.106523
0 0.0524935 0.757691 0.100962 0.100376
0 0.815516 0.780734 0.109269 0.107794
0 0.794742 0.463605 0.100882 0.102477
0 0.599679 0.749902 0.114853 0.11548
0 0.520427 0.495511 0.103018 0.106617
0 0.460974 0.848677 0.108261 0.108988
0 0.182931 0.244669 0.107971 0.107637
0 0.75722 0.57665 0.0939569 0.094342
0 0.682953 0.550698 0.0652654 0.0653277
0 0.541317 0.320748 0.0947956 0.0951654
0 0.668102 0.549869 0.0663324 0.0666896
0 0.626633 0.497988 0.0774967 0.0787257
0 0.41004 0.685037 0.0929258 0.0938098
0 0.19645 0.671136 0.0976853 0.0980666
0 0.475646 0.287741 0.0910535 0.0951829
0 0.283187 0.455797 0.102513 0.101796
0 0.495469 0.651608 0.0736164 0.073008
0 0.833096 0.260879 0.0940859 0.0947337
0 0.509804 0.651571 0.0734943 0.073731
0 0.154892 0.712263 0.0952841 0.0942073
0 0.613005 0.497629 0.0761667 0.0779266
0 0.547341 0.898769 0.0835108 0.0833604
0 0.683549 0.8104 0.0739966 0.0738705
0 0.266512 0.664782 0.0718789 0.0736196
0 0.280992 0.665545 0.0735306 0.0741802
0 0.196017 0.537604 0.0708114 0.0703137
0 0.54954 0.831715 0.0709387 0.0688678
0 0.532993 0.899868 0.0823272 0.0841578
0 0.535717 0.831627 0.0688741 0.069475
0 0.583381 0.562447 0.0451845 0.0464689
0 0.339571 0.662241 0.0729546 0.0727598
0 0.4595 0.975777 0.0830551 0.0484133
0 0.723139 0.424085 0.081971 0.0798636
0 0.805686 0.668509 0.0713923 0.0708501
0 0.547748 0.974998 0.0667368 0.0498904
0 0.626503 0.322969 0.0803185 0.0801697
0 0.483289 0.566103 0.0596371 0.060172
0 0.581063 0.144021 0.092046 0.0905938
0 0.354068 0.663411 0.0708376 0.0716871
0 0.31208 0.613554 0.0732315 0.0739581
0 0.568966 0.562783 0.0471995 0.0460374
0 0.926812 0.392766 0.0687977 0.0712018
0 0.2973 0.614232 0.0736442 0.0737956
0 0.181889 0.538061 0.0709305 0.0710914
0 0.95162 0.0885404 0.0813198 0.0826744
0 0.446486 0.977779 0.0807493 0.0441471
0 0.0238474 0.167977 0.0475296 0.0730537
0 0.91263 0.392664 0.0705772 0.0701269
0 0.668547 0.431686 0.0696022 0.0697175
0 0.0634554 0.40401 0.0722875 0.0750828
0 0.895512 0.671891 0.0675097 0.0678777
0 0.672145 0.812986 0.0759839 0.0777059
0 0.404576 0.567365 0.0711297 0.0734561
0 0.737433 0.180357 0.0588426 0.0599747
0 0.611049 0.323159 0.0800297 0.0800592
0 0.0501122 0.403618 0.0708364 0.0717253
0 0.565045 0.143346 0.0888372 0.0900755
0 0.128222 0.365093 0.064478 0.0629814
0 0.15608 0.497326 0.0835176 0.0822262
0 0.452742 0.295116 0.0752207 0.0769353
0 0.937248 0.0878022 0.0811075 0.0820581
0 0.8784 0.29285 0.0611963 0.0622382
0 0.722918 0.180141 0.0586988 0.0582208
0 0.0825362 0.549868 0.0505432 0.0498722
0 0.138703 0.713155 0.0926844 0.093151
0 0.880731 0.671213 0.067955 0.0685878
0 0.859853 0.375257 0.0522541 0.0521449
0 0.727179 0.447418 0.0474094 0.0477109
0 0.157618 0.582274 0.0631527 0.0650679
0 0.713891 0.446678 0.0485563 0.0488391
0 0.114559 0.365303 0.0623434 0.0629211
0 0.866976 0.293441 0.0630192 0.0624317
0 0.652751 0.434045 0.067655 0.0688877
0 0.79208 0.668835 0.0712457 0.0725362
0 0.889759 0.483851 0.0668636 0.0661835
0 0.3178 0.354199 0.0823227 0.0813185
0 0.435353 0.295605 0.076613 0.0780953
0 0.467769 0.56637 0.0599596 0.0599531
0 0.801583 0.0440469 0.085891 0.0845998
0 0.302079 0.144106 0.0903687 0.0908517
0 0.379966 0.324062 0.070012 0.0711889
0 0.812271 0.564892 0.0660263 0.0649859
0 0.236077 0.22179 0.0818281 0.083528
0 0.0717579 0.140331 0.0774845 0.0805384
0 0.237417 0.0344437 0.0836654 0.0678016
0 0.555862 0.0222997 0.0851841 0.0445995
0 0.786638 0.0443886 0.0863379 0.0851948
0 0.2528 0.0335162 0.0900648 0.0664725
0 0.0687886 0.550714 0.0499329 0.0496393
0 0.795346 0.564363 0.0649532 0.065236
0 0.0172746 0.169488 0.0345491 0.0685612
0 0.153075 0.970106 0.113508 0.0597879
0 0.391062 0.568783 0.0718305 0.0718577
0 0.526602 0.323321 0.0941128 0.0921284
0 0.84449 0.375811 0.0500435 0.0510114
0 0.87534 0.484116 0.0675844 0.0675028
0 0.817812 0.264715 0.095678 0.0960501
0 0.571439 0.0223741 0.0875929 0.044528
0 0.0568636 0.139924 0.0761754 0.0769238
0 0.515298 0.202719 0.049621 0.0484137
0 0.536083 0.974844 0.0660274 0.0501747
0 0.14113 0.495346 0.0793642 0.0785738
0 0.942982 0.717153 0.0478714 0.047909
0 0.144139 0.584168 0.0612754 0.0597799
0 0.365207 0.322326 0.0715943 0.0717115
0 0.303112 0.352506 0.0827934 0.080511
0 0.963729 0.969027 0.0723789 0.0604121
0 0.461101 0.562389 0.0499241 0.0513522
0 0.941926 0.973267 0.116147 0.0534663
0 0.98033 0.217889 0.0393404 0.0777032
0 0.762076 0.69038 0.0559832 0.055925
0 0.020442 0.511184 0.0407194 0.133319
0 0.930677 0.716744 0.0467157 0.0475942
0 0.7896 0.160555 0.0575964 0.0581246
0 0.448796 0.563622 0.0486507 0.0469336
0 0.287593 0.140807 0.0923871 0.0911552
0 0.571239 0.0152201 0.0875407 0.0304402
0 0.982475 0.209715 0.0348141 0.0613497
0 0.748277 0.69181 0.0567043 0.0575311
0 0.609246 0.251554 0.0815352 0.0791578
0 0.773702 0.991331 0.0999044 0.017338
0 0.365202 0.575618 0.0722824 0.0713922
0 0.621928 0.246136 0.0909304 0.0925751
0 0.868263 0.089589 0.0596136 0.0607792
