0 0.0509998 0.327461 0.102 0.146802
0 0.951559 0.688377 0.096881 0.148836
0 0.937802 0.354913 0.124396 0.152703
0 0.125975 0.944826 0.142454 0.110347
0 0.735678 0.920994 0.128809 0.125449
0 0.797762 0.662286 0.142456 0.141372
0 0.0779808 0.63705 0.136456 0.137768
0 0.601588 0.866493 0.145127 0.142801
0 0.278874 0.52075 0.142684 0.140956
0 0.312775 0.939064 0.128793 0.121872
0 0.412443 0.453559 0.143305 0.143471
0 0.796029 0.346476 0.131399 0.131785
0 0.496143 0.968905 0.149103 0.0621892
0 0.541833 0.524472 0.125222 0.130944
0 0.270249 0.687232 0.120802 0.120159
0 0.051529 0.136462 0.103058 0.109515
0 0.0904059 0.514454 0.102482 0.101321
0 0.715973 0.553214 0.0956913 0.0990158
0 0.128651 0.255257 0.114071 0.114936
0 0.656316 0.768851 0.125374 0.124654
0 0.486623 0.759903 0.13601 0.13601
0 0.470656 0.583014 0.119215 0.12061
0 0.895482 0.523027 0.0965778 0.0997335
0 0.0541335 0.799773 0.104189 0.1098
0 0.813275 0.163745 0.103364 0.105258
0 0.366265 0.145592 0.116744 0.11833
0 0.387378 0.346891 0.114719 0.113103
0 0.652245 0.390662 0.0700799 0.0691722
0 0.956142 0.199054 0.0870621 0.0925853
0 0.314251 0.27357 0.0846035 0.0847512
0 0.501241 0.40202 0.0914566 0.0928819
0 0.100697 0.791779 0.0815886 0.0815125
0 0.536588 0.0945368 0.0909664 0.0910678
0 0.424037 0.89795 0.08076 0.0807381
0 0.546555 0.685254 0.10438 0.106042
0 0.667402 0.587115 0.113777 0.113449
0 0.41006 0.687956 0.0615314 0.0604261
0 0.243362 0.429304 0.083201 0.0849436
0 0.225695 0.304501 0.105892 0.105368
0 0.449377 0.0872885 0.076705 0.0771892
0 0.691686 0.301191 0.103478 0.104673
0 0.666327 0.391139 0.0711428 0.0706928
0 0.299897 0.274029 0.0837593 0.0828569
0 0.351781 0.787387 0.113024 0.11195
0 0.701037 0.19207 0.0857786 0.0892876
0 0.253081 0.843727 0.0861942 0.0848137
0 0.395556 0.688017 0.0606177 0.0607688
0 0.463144 0.0867853 0.0784355 0.0768975
0 0.205139 0.737991 0.0728589 0.0742831
0 0.409679 0.897563 0.0801822 0.0798536
0 0.639366 0.192999 0.0882635 0.0858227
0 0.817331 0.80134 0.0731991 0.0716212
0 0.0399701 0.973377 0.078878 0.0527685
0 0.290509 0.165572 0.0721139 0.073447
0 0.180609 0.480396 0.0611281 0.0609395
0 0.165893 0.480481 0.0618132 0.061263
0 0.762729 0.806821 0.0685551 0.0690706
0 0.941564 0.965963 0.113605 0.0680749
0 0.194637 0.624471 0.0777389 0.0781843
0 0.52107 0.0951517 0.0903267 0.0905288
0 0.20837 0.624918 0.0776125 0.0773078
0 0.276444 0.164607 0.0710603 0.0726276
0 0.959538 0.867343 0.0809237 0.107386
0 0.190557 0.738286 0.0741001 0.0742561
0 0.747789 0.807756 0.0696275 0.07014
0 0.31932 0.105954 0.0578549 0.0580714
0 0.48565 0.403404 0.0945648 0.0937561
0 0.236888 0.250733 0.0802539 0.0788017
0 0.823661 0.0471652 0.0981648 0.0913343
0 0.961445 0.96928 0.0757896 0.0614393
0 0.686356 0.190075 0.08501 0.0870703
0 0.254043 0.0459468 0.102117 0.0895237
0 0.222105 0.249422 0.0797241 0.0794849
0 0.303746 0.105652 0.0566971 0.0567245
0 0.606851 0.980496 0.0797247 0.0389587
0 0.97795 0.965263 0.0436134 0.0665601
0 0.203174 0.580932 0.058336 0.060402
0 0.624472 0.258094 0.0468721 0.0464901
0 0.0319512 0.964972 0.0637069 0.0698713
0 0.0849805 0.913568 0.0840346 0.0830561
0 0.609598 0.258274 0.0469411 0.0474106
0 0.933534 0.973516 0.132932 0.0526098
0 0.617366 0.978468 0.0780121 0.0430639
0 0.948674 0.042929 0.101456 0.085858
0 0.116809 0.793269 0.076774 0.0777718
0 0.590765 0.170776 0.0861185 0.0867286
0 0.947209 0.334301 0.105583 0.144083
0 0.0296662 0.975119 0.0590387 0.0490883
0 0.155167 0.0981505 0.0471896 0.0477579
0 0.857233 0.436152 0.0524181 0.052604
0 0.0456002 0.957964 0.088129 0.0834516
0 0.140919 0.0983473 0.0485555 0.0484389
0 0.809607 0.888876 0.0716558 0.0716129
0 0.574751 0.165436 0.0875019 0.0856652
0 0.199605 0.0370495 0.0770324 0.0719078
0 0.846315 0.4346 0.0526089 0.0527205
0 0.0500245 0.980631 0.100049 0.0387385
0 0.147833 0.143513 0.085589 0.0892152
0 0.688315 0.0286014 0.0856579 0.0572028
0 0.645792 0.976698 0.121469 0.046605
0 0.684184 0.0385442 0.0821522 0.07389
0 0.637347 0.0229604 0.0919533 0.0458306
0 0.828748 0.977212 0.120523 0.0448463
0 0.596098 0.977319 0.116681 0.0453625
0 0.921192 0.979222 0.144673 0.0415352
0 0.27559 0.984149 0.113092 0.0317015
0 0.645998 0.981513 0.106574 0.0369239
0 0.187408 0.0425648 0.078072 0.0780074
0 0.774052 0.982611 0.12216 0.0343953
0 0.810605 0.953953 0.145028 0.0920938
0 0.140222 0.955539 0.154685 0.0889221
0 0.942702 0.0334682 0.0939571 0.0669365
0 0.665765 0.982473 0.109906 0.0350545
0 0.617934 0.967611 0.142534 0.0647785
0 0.508637 0.979585 0.146931 0.0408066
0 0.854942 0.98119 0.124793 0.0374861
0 0.676785 0.977766 0.125778 0.0444675
0 0.0719627 0.925069 0.098642 0.104211
0 0.370909 0.0283029 0.128617 0.0564855
0 0.737894 0.986067 0.110526 0.0278416
