0 0.0798157 0.935152 0.117743 0.117632
0 0.864318 0.94449 0.111672 0.105806
0 0.685032 0.961954 0.13635 0.0751474
0 0.221079 0.640387 0.112458 0.112517
0 0.117858 0.792404 0.107241 0.106919
0 0.952451 0.965923 0.0891518 0.0681548
0 0.0402399 0.75556 0.0797573 0.0895655
0 0.568985 0.948475 0.117326 0.103049
0 0.927743 0.861521 0.102492 0.10058
0 0.395622 0.585922 0.0859974 0.0862531
0 0.292341 0.979747 0.0676875 0.0402714
0 0.766982 0.913582 0.0980005 0.0969691
0 0.0254123 0.616982 0.0508245 0.104485
0 0.765673 0.836259 0.0838078 0.0811333
0 0.392047 0.712996 0.0813609 0.0825241
0 0.413771 0.86605 0.10686 0.108738
0 0.626698 0.549078 0.063258 0.0617922
0 0.563432 0.784078 0.107107 0.107468
0 0.639982 0.549129 0.0636178 0.062388
0 0.389485 0.96078 0.0638413 0.0650922
0 0.882352 0.582248 0.0794437 0.0799418
0 0.216176 0.964251 0.0897383 0.0714977
0 0.280001 0.979758 0.06853 0.040158
0 0.719934 0.682925 0.0988665 0.0996086
0 0.518888 0.511311 0.0786938 0.0795061
0 0.483678 0.743492 0.0831126 0.0837607
0 0.532003 0.51401 0.0786109 0.0786163
0 0.319002 0.406871 0.0768023 0.077621
0 0.375603 0.960155 0.0644708 0.0649787
0 0.468592 0.743548 0.0829222 0.0831787
0 0.630771 0.683741 0.0693956 0.0702178
0 0.34895 0.189183 0.0695808 0.0706113
0 0.877647 0.667591 0.0806854 0.0810506
0 0.678156 0.717535 0.0485826 0.0484315
0 0.813148 0.648036 0.0760243 0.0794548
0 0.863733 0.668044 0.0793581 0.0792149
0 0.64405 0.683688 0.0704344 0.0704341
0 0.377952 0.712883 0.081353 0.0832685
0 0.909526 0.734293 0.058786 0.059156
0 0.191252 0.714253 0.0785707 0.0780319
0 0.868429 0.581665 0.0810375 0.0803174
0 0.651323 0.359191 0.082556 0.0835994
0 0.281416 0.294248 0.0849049 0.0842359
0 0.33276 0.406712 0.0779132 0.0799625
0 0.666346 0.474667 0.0583627 0.0578469
0 0.324524 0.240653 0.0602366 0.0604264
0 0.206246 0.713609 0.0779785 0.0797201
0 0.636398 0.359362 0.0834601 0.0829244
0 0.664804 0.717609 0.0479912 0.0485041
0 0.334045 0.188054 0.0683508 0.0691651
0 0.651756 0.47549 0.0571119 0.0574273
0 0.937852 0.649368 0.0636498 0.0636318
0 0.895034 0.734167 0.0591652 0.058368
0 0.400632 0.139982 0.0741085 0.0735249
0 0.459539 0.441279 0.0715986 0.0723864
0 0.309111 0.240043 0.0593686 0.0595005
0 0.706727 0.808249 0.0432539 0.0428434
0 0.474098 0.441231 0.0711475 0.0726975
0 0.798202 0.646868 0.0752068 0.0768448
0 0.923772 0.649212 0.0635468 0.0638649
0 0.434263 0.555177 0.0650089 0.0647531
0 0.321421 0.83301 0.0555982 0.0559991
0 0.931935 0.390881 0.0767248 0.0776561
0 0.751939 0.835087 0.0821012 0.0799121
0 0.232818 0.407159 0.0954715 0.0935631
0 0.331127 0.880861 0.0573246 0.0551292
0 0.717352 0.281922 0.0831415 0.0809954
0 0.141487 0.306342 0.081903 0.0834426
0 0.331584 0.746764 0.0558816 0.0541522
0 0.089398 0.529233 0.0751392 0.0758903
0 0.869121 0.323437 0.0796394 0.0786715
0 0.982506 0.738736 0.0346039 0.05101
0 0.266144 0.293862 0.0839557 0.0842962
0 0.752126 0.472351 0.0816009 0.0804601
0 0.669391 0.0966419 0.0630013 0.0644076
0 0.848239 0.739965 0.0542259 0.0547574
0 0.767259 0.471849 0.082935 0.080996
0 0.317878 0.746988 0.0552036 0.0543198
0 0.832859 0.740034 0.0542995 0.0547977
0 0.318051 0.880436 0.0560323 0.0560302
0 0.918459 0.390472 0.0761589 0.0774314
0 0.109149 0.985983 0.0628114 0.0280333
0 0.655238 0.0968851 0.0617439 0.0616811
0 0.590757 0.144147 0.0818475 0.0815789
0 0.69222 0.808177 0.043906 0.0429231
0 0.760551 0.601399 0.0542076 0.0539124
0 0.272449 0.807664 0.0588475 0.0578802
0 0.460781 0.98724 0.105106 0.0251328
0 0.306319 0.833459 0.0551947 0.0560912
0 0.421627 0.555229 0.064429 0.0651189
0 0.747404 0.602287 0.0532085 0.0534159
0 0.813122 0.69543 0.0551561 0.0548285
0 0.970842 0.696487 0.057683 0.0629063
0 0.834058 0.524092 0.0692715 0.0698071
0 0.0853299 0.355244 0.0545583 0.055113
0 0.880402 0.31987 0.0810211 0.0819161
0 0.0761672 0.529046 0.0743255 0.0756852
0 0.0710962 0.354598 0.055796 0.0556009
0 0.610708 0.115943 0.0750572 0.0743537
0 0.320792 0.568958 0.0729517 0.0716807
0 0.126838 0.304697 0.083635 0.0828877
0 0.257381 0.807523 0.0582231 0.0584014
0 0.235945 0.460508 0.0620617 0.0607168
0 0.577317 0.1458 0.0806707 0.0811308
0 0.799653 0.695516 0.0558555 0.0550196
0 0.0241685 0.82921 0.0481508 0.0977493
0 0.286082 0.682016 0.0644511 0.0638954
0 0.53569 0.719551 0.0506276 0.0506874
0 0.818914 0.526502 0.0687096 0.0663802
0 0.977276 0.384612 0.0453312 0.0814868
0 0.272019 0.683295 0.0648662 0.0637374
0 0.792657 0.0512839 0.0770682 0.0778179
0 0.521634 0.719047 0.0504284 0.0504234
0 0.686262 0.485859 0.0409281 0.0411954
0 0.700514 0.486226 0.0409735 0.0424393
0 0.841784 0.168535 0.0835167 0.0810047
0 0.306077 0.570012 0.0723697 0.0720257
0 0.98342 0.387876 0.0331603 0.0734338
0 0.461765 0.243148 0.0407017 0.0430879
0 0.85232 0.267828 0.0811363 0.0859135
0 0.366282 0.0778232 0.0583672 0.0589238
0 0.723957 0.343021 0.0595875 0.0613576
0 0.411226 0.145186 0.0700886 0.0706611
0 0.387077 0.452466 0.0693901 0.0710874
0 0.101175 0.609908 0.0658393 0.0643239
0 0.517921 0.163127 0.0775814 0.0803707
0 0.221589 0.461509 0.0603895 0.060869
0 0.455777 0.982326 0.106839 0.035349
0 0.0199992 0.821167 0.039631 0.0843974
0 0.188864 0.221584 0.0750938 0.0739565
0 0.447803 0.243747 0.0408255 0.0432966
0 0.360993 0.492142 0.0744647 0.0731557
0 0.373792 0.492673 0.0753567 0.0747218
0 0.508246 0.341682 0.0679271 0.0697121
0 0.594692 0.285559 0.0510744 0.0505754
0 0.599676 0.11195 0.0734405 0.0732872
0 0.176395 0.220393 0.0712096 0.0723602
0 0.976408 0.741244 0.0462402 0.0521247
0 0.618391 0.425936 0.0452406 0.0446241
0 0.0891067 0.610076 0.066433 0.0650009
0 0.1628 0.119569 0.0702242 0.0719679
0 0.391232 0.36052 0.0389149 0.0396216
0 0.828231 0.173867 0.0844532 0.0838497
0 0.430011 0.489873 0.0416091 0.0415346
0 0.0190039 0.613001 0.0379552 0.0951495
0 0.533022 0.195559 0.0388106 0.040162
0 0.779289 0.0526921 0.0759632 0.0775115
0 0.708156 0.343802 0.0597958 0.062091
0 0.604127 0.426034 0.044455 0.0449867
0 0.351521 0.0755848 0.0592819 0.0601493
0 0.314988 0.935267 0.0411327 0.0400562
0 0.97883 0.370711 0.0423395 0.0921604
0 0.301582 0.933946 0.0399312 0.0424067
0 0.507187 0.157792 0.0760876 0.0775605
0 0.519548 0.194908 0.0377467 0.0391537
0 0.0356245 0.975827 0.0700377 0.0481995
0 0.504645 0.342424 0.0553117 0.0597057
0 0.415273 0.490264 0.0412691 0.0413558
0 0.580022 0.285111 0.0529925 0.0522992
