0 0.223552 0.204313 0.0759273 0.0765591
0 0.430548 0.294516 0.0583921 0.0602865
0 0.426548 0.547897 0.0497456 0.0493401
0 0.299701 0.592879 0.0784361 0.0766655
0 0.275883 0.744136 0.0719583 0.0715764
0 0.597238 0.0901891 0.0775282 0.0753469
0 0.267941 0.484489 0.0610096 0.0593149
0 0.47025 0.887883 0.068125 0.0670118
0 0.361449 0.230693 0.0772256 0.0765188
0 0.489467 0.665274 0.0755085 0.0755662
0 0.815195 0.699575 0.0656336 0.0658384
0 0.440321 0.547833 0.0499965 0.0501176
0 0.481721 0.371207 0.0575169 0.0584424
0 0.375313 0.314792 0.0775507 0.0784922
0 0.100305 0.309875 0.0723598 0.0726149
0 0.12518 0.494752 0.071856 0.0723138
0 0.457033 0.964874 0.0694244 0.068249
0 0.47452 0.665179 0.0750237 0.0756777
0 0.558273 0.279047 0.0423483 0.0425378
0 0.628873 0.26097 0.0672476 0.0669821
0 0.362182 0.57724 0.0735648 0.0730998
0 0.480864 0.0257613 0.0634239 0.0515225
0 0.1399 0.494981 0.0718659 0.0713227
0 0.445278 0.294637 0.0604572 0.0592789
0 0.537447 0.86256 0.076462 0.0747991
0 0.471389 0.965184 0.069504 0.0685014
0 0.212854 0.410832 0.0819436 0.0818212
0 0.376908 0.577159 0.0736298 0.0733681
0 0.35817 0.405547 0.0547103 0.0542412
0 0.197991 0.410379 0.0821325 0.0816611
0 0.346798 0.229648 0.0751461 0.0747308
0 0.638982 0.674774 0.0704251 0.0694305
0 0.555569 0.68555 0.0720949 0.0701647
0 0.343593 0.40613 0.0538413 0.0546668
0 0.544377 0.115907 0.0619001 0.0608468
0 0.623762 0.354365 0.0697584 0.0702742
0 0.800795 0.700071 0.0650951 0.0658226
0 0.559177 0.522207 0.0447203 0.0462868
0 0.460332 0.60172 0.0410427 0.039873
0 0.24079 0.973789 0.0859645 0.0524218
0 0.0877177 0.607904 0.0754352 0.0740626
0 0.542262 0.411941 0.0647985 0.0640648
0 0.394285 0.507673 0.0459263 0.0463308
0 0.226413 0.563014 0.0494329 0.0497845
0 0.285016 0.593269 0.0767464 0.0765053
0 0.57045 0.686201 0.0716105 0.0696746
0 0.139716 0.402061 0.0660307 0.0658963
0 0.261487 0.74434 0.0712143 0.0710901
0 0.455691 0.888423 0.0691379 0.0687225
0 0.236382 0.65088 0.0617081 0.0622645
0 0.251678 0.48401 0.0607995 0.0606962
0 0.360732 0.314394 0.0782117 0.0776837
0 0.471012 0.272229 0.057025 0.0568899
0 0.0860254 0.310054 0.0714027 0.0717389
0 0.382342 0.729452 0.0588201 0.0598539
0 0.614762 0.26102 0.0667374 0.0674982
0 0.465994 0.0258136 0.0656109 0.0516272
0 0.287231 0.414947 0.0632203 0.0623922
0 0.522893 0.862352 0.075421 0.0748196
0 0.251276 0.650958 0.0625765 0.0622528
0 0.528153 0.114895 0.0610715 0.0616311
0 0.446135 0.602059 0.0395397 0.039747
0 0.624911 0.67469 0.0707289 0.069367
0 0.70643 0.45897 0.0667257 0.0666787
0 0.234319 0.313623 0.0598465 0.0598658
0 0.375461 0.466268 0.0432387 0.0423629
0 0.514434 0.467034 0.0530954 0.0532706
0 0.776893 0.0388413 0.0644182 0.0652026
0 0.20843 0.203644 0.0762694 0.0757298
0 0.270867 0.370454 0.0498835 0.0490949
0 0.125867 0.402391 0.0663398 0.0670843
0 0.408606 0.508189 0.0450295 0.0457625
0 0.301862 0.415721 0.0622027 0.0629383
0 0.48581 0.272305 0.0564787 0.0569535
0 0.203733 0.897562 0.078075 0.0780156
0 0.0339467 0.58353 0.052651 0.0511289
0 0.720146 0.546196 0.0567392 0.057759
0 0.360637 0.466299 0.0421913 0.0433917
0 0.443125 0.719449 0.0491216 0.0488149
0 0.241404 0.563128 0.0493648 0.0492002
0 0.248755 0.313524 0.0595315 0.0592617
0 0.232006 0.0886199 0.0557947 0.0544565
0 0.188636 0.897971 0.0757697 0.0764497
0 0.46764 0.371125 0.0570442 0.0587351
0 0.616179 0.549382 0.0585722 0.0588849
0 0.216071 0.0892294 0.0571835 0.0550149
0 0.610202 0.354086 0.0706446 0.0710438
0 0.0355256 0.521135 0.0633928 0.0608944
0 0.761601 0.0378213 0.0637283 0.065468
0 0.400535 0.157944 0.0512569 0.0509629
0 0.543875 0.279121 0.04379 0.0436229
0 0.0235002 0.583395 0.0468768 0.0528214
0 0.557746 0.412015 0.0640184 0.0646827
0 0.788218 0.346435 0.0500221 0.0502009
0 0.606358 0.768304 0.0743417 0.0759794
0 0.639615 0.966598 0.0614986 0.0618382
0 0.823929 0.587744 0.0459692 0.0462344
0 0.811486 0.587831 0.0461626 0.0461456
0 0.621102 0.768943 0.0743637 0.0752061
0 0.0728929 0.608213 0.0739041 0.0736921
0 0.256621 0.370415 0.0488632 0.0490837
0 0.10845 0.696802 0.0750924 0.0744586
0 0.366024 0.843472 0.0790369 0.0805721
0 0.0500462 0.521766 0.0635818 0.0613005
0 0.213035 0.724657 0.0418846 0.0411054
0 0.0946296 0.696952 0.0738373 0.0739231
0 0.718298 0.715005 0.0513094 0.0509701
0 0.595561 0.479258 0.0590325 0.0596472
0 0.0219295 0.677399 0.0438053 0.0577423
0 0.284574 0.673194 0.0489102 0.0487953
0 0.210718 0.785609 0.0650081 0.0650457
0 0.298891 0.673014 0.0479283 0.0481229
0 0.636683 0.46846 0.0390265 0.0397308
0 0.58058 0.478801 0.0605032 0.0603432
0 0.720741 0.619314 0.0513348 0.0521515
0 0.72077 0.459055 0.0670237 0.0663954
0 0.782943 0.274082 0.0621878 0.0632462
0 0.76818 0.274661 0.0628195 0.0629667
0 0.385896 0.158312 0.0513108 0.0513879
0 0.733252 0.546562 0.0559337 0.057242
0 0.147921 0.0692773 0.0821644 0.080897
0 0.400036 0.033102 0.0679985 0.0659466
0 0.611104 0.0910018 0.0766272 0.079303
0 0.893662 0.568626 0.0654434 0.0638685
0 0.198162 0.724677 0.0408552 0.0404895
0 0.631601 0.0963567 0.0678644 0.0692561
0 0.380049 0.843876 0.0804595 0.081707
0 0.269359 0.892674 0.0508334 0.0514991
0 0.885088 0.77196 0.0660736 0.0674611
0 0.491638 0.438233 0.0303622 0.0299613
0 0.622002 0.468664 0.0393711 0.0398223
0 0.18563 0.255754 0.0334832 0.032196
0 0.167045 0.177535 0.06329 0.0633434
0 0.528864 0.467219 0.0541586 0.0535844
0 0.881085 0.569118 0.0643833 0.0638438
0 0.427971 0.720197 0.0476471 0.049393
0 0.132876 0.0678097 0.0813833 0.0832786
0 0.305825 0.20763 0.0341811 0.0339042
0 0.784081 0.834353 0.0562567 0.0545909
0 0.152484 0.177896 0.0634425 0.0639361
0 0.397825 0.729828 0.0581786 0.0599395
0 0.706095 0.619002 0.0514672 0.0521748
0 0.62393 0.965182 0.061984 0.0619967
0 0.170664 0.255805 0.0313456 0.0327429
0 0.703597 0.715046 0.0510954 0.0510944
0 0.668204 0.406036 0.0461069 0.0469962
0 0.385078 0.0335143 0.0681871 0.0666055
0 0.602597 0.549862 0.0601131 0.0593549
0 0.150145 0.763536 0.0516144 0.052698
0 0.528102 0.522466 0.045911 0.0461825
0 0.870492 0.772214 0.065267 0.0660319
0 0.898281 0.397453 0.0722878 0.0715679
0 0.770184 0.833792 0.0543608 0.05389
0 0.667371 0.751966 0.0465699 0.0460377
0 0.254567 0.892504 0.0523313 0.0520037
0 0.513779 0.522501 0.0471821 0.0464043
0 0.774656 0.346446 0.0497499 0.049449
0 0.855065 0.273657 0.0701302 0.0701734
0 0.790728 0.453728 0.0545679 0.0525583
0 0.666181 0.549706 0.0443003 0.0456978
0 0.195379 0.78574 0.0639659 0.0651436
0 0.67899 0.208213 0.0496948 0.0504699
0 0.134717 0.763948 0.0528978 0.0527423
0 0.681512 0.7516 0.0449892 0.0458055
0 0.911872 0.397772 0.0706341 0.0694049
0 0.579357 0.812019 0.0403944 0.0403005
0 0.282353 0.304558 0.0411134 0.0433133
0 0.490839 0.119561 0.0394098 0.0383131
0 0.763136 0.912372 0.063603 0.0632829
0 0.295909 0.304368 0.0428762 0.0451187
0 0.64109 0.505504 0.0311344 0.0308544
0 0.654313 0.405812 0.0475203 0.0476214
0 0.419108 0.646003 0.0545435 0.0532794
0 0.164965 0.642491 0.0381141 0.0373645
0 0.778453 0.912439 0.0638464 0.0628928
0 0.902713 0.0372457 0.0718832 0.0715516
0 0.192187 0.104972 0.0549732 0.0528183
0 0.781133 0.453827 0.0542496 0.0529174
0 0.759622 0.784259 0.0374174 0.0382796
0 0.476158 0.118705 0.0392166 0.0385959
0 0.653775 0.550234 0.0448443 0.0453893
0 0.544826 0.521801 0.0440175 0.0464835
0 0.404087 0.645797 0.0541305 0.0528487
0 0.446877 0.428083 0.0292093 0.0287929
0 0.610274 0.415954 0.0332885 0.0334537
0 0.751386 0.189505 0.0753029 0.076181
0 0.208003 0.104575 0.0554252 0.0550938
0 0.196747 0.684769 0.0389097 0.0395026
0 0.664097 0.207919 0.0485027 0.0508376
0 0.841301 0.816268 0.0430458 0.0421625
0 0.168912 0.453863 0.0258983 0.0258544
0 0.624562 0.416097 0.0333792 0.0330484
0 0.886964 0.0383943 0.0743969 0.0729691
0 0.155301 0.830658 0.0556911 0.0547132
0 0.460498 0.428182 0.0296665 0.0289056
0 0.857014 0.817858 0.0432804 0.0441058
0 0.570647 0.311711 0.0300288 0.0306434
0 0.73555 0.190968 0.0746195 0.0750149
0 0.192325 0.633241 0.041686 0.0411357
0 0.635202 0.59612 0.0302389 0.0308987
0 0.745231 0.783714 0.0382019 0.0386986
0 0.842672 0.43558 0.0512226 0.0508537
0 0.225332 0.9754 0.086195 0.0486394
0 0.900102 0.451626 0.0386288 0.0382266
0 0.178231 0.633766 0.0404188 0.0418945
0 0.735083 0.514546 0.0490106 0.0484975
0 0.564033 0.812156 0.0410549 0.0403904
0 0.291781 0.207283 0.032818 0.0337956
0 0.181504 0.685155 0.0372423 0.0380135
0 0.747349 0.515146 0.0497658 0.049655
0 0.62149 0.596088 0.0304586 0.0310834
0 0.330262 0.285958 0.0302725 0.030287
0 0.525143 0.0763595 0.0411993 0.0412437
0 0.628317 0.505779 0.0303555 0.0306882
0 0.141481 0.830818 0.0570884 0.0531998
0 0.150976 0.643153 0.0374008 0.0366942
0 0.911406 0.451246 0.0373814 0.0379785
0 0.510132 0.0754612 0.0414183 0.041453
0 0.829466 0.634345 0.0368286 0.0382609
0 0.295691 0.940006 0.035671 0.0358187
0 0.584131 0.31171 0.0296818 0.0296328
0 0.570132 0.893874 0.0546316 0.0538663
0 0.477636 0.43924 0.0316286 0.0304823
0 0.539893 0.99147 0.0842712 0.0170609
0 0.707543 0.918618 0.0598055 0.0587733
0 0.829213 0.434886 0.0481728 0.0499376
0 0.723197 0.91931 0.0585067 0.0584625
0 0.360103 0.947979 0.0516513 0.052876
0 0.745144 0.326618 0.0305445 0.0319061
0 0.818114 0.634113 0.0356398 0.0369881
0 0.280812 0.939744 0.0347656 0.0352613
0 0.113342 0.776713 0.0542226 0.0537729
0 0.663351 0.171155 0.0633451 0.0630004
0 0.344638 0.947856 0.051123 0.0527401
0 0.896357 0.168867 0.04284 0.0433805
0 0.578055 0.947785 0.0430049 0.0427189
0 0.155857 0.454048 0.0261352 0.0266535
0 0.316278 0.286228 0.0308126 0.0306202
0 0.695575 0.330525 0.0393885 0.0376467
0 0.58401 0.895176 0.053731 0.0516686
0 0.339383 0.0335629 0.0648614 0.0642395
0 0.0997824 0.777044 0.0537744 0.053795
0 0.890703 0.504671 0.0345881 0.0345257
0 0.679972 0.160648 0.0685192 0.0707253
0 0.881676 0.167711 0.0433418 0.0442645
0 0.423027 0.449753 0.0480558 0.0473658
0 0.35567 0.664138 0.0450193 0.0441944
0 0.563059 0.948644 0.0430019 0.0427803
0 0.783726 0.21295 0.0424851 0.0431885
0 0.680518 0.331185 0.037378 0.0381772
0 0.323925 0.0340096 0.0651071 0.0639525
0 0.797356 0.213582 0.0407778 0.0415944
0 0.729652 0.328651 0.0327461 0.0321408
0 0.409677 0.45162 0.0416027 0.0417859
0 0.339743 0.662066 0.0425363 0.0408903
0 0.620341 0.0945891 0.0656891 0.0678273
0 0.527236 0.991822 0.0818254 0.0161499
0 0.651347 0.170651 0.0642632 0.0647015
