0 0.955842 0.883452 0.0883161 0.139804
0 0.148115 0.928743 0.12652 0.124881
0 0.045298 0.847781 0.0905961 0.132366
0 0.773419 0.423075 0.123331 0.12297
0 0.902495 0.620992 0.106101 0.106199
0 0.493682 0.871872 0.14112 0.140652
0 0.219013 0.807464 0.0890765 0.0907845
0 0.167651 0.582067 0.0897316 0.0892015
0 0.872645 0.206002 0.113599 0.115436
0 0.09468 0.493627 0.102701 0.10164
0 0.16552 0.397956 0.0933531 0.0931686
0 0.0764404 0.246802 0.102666 0.102852
0 0.286593 0.690201 0.0869739 0.0850528
0 0.632106 0.159747 0.0944176 0.0940484
0 0.580413 0.760932 0.116234 0.11478
0 0.10274 0.739754 0.0883254 0.0876681
0 0.658653 0.876119 0.121185 0.119166
0 0.0480241 0.547147 0.0935355 0.0948743
0 0.252374 0.69761 0.0974964 0.0953844
0 0.421559 0.969974 0.0905142 0.0595979
0 0.238471 0.890539 0.0890631 0.088589
0 0.683029 0.730153 0.0971646 0.0992587
0 0.527018 0.491651 0.0899044 0.0892746
0 0.265982 0.441999 0.0953709 0.0944463
0 0.381274 0.625191 0.115463 0.115146
0 0.462343 0.73729 0.114668 0.112421
0 0.543274 0.184165 0.0899353 0.0894534
0 0.192374 0.0633119 0.0988312 0.0991444
0 0.72095 0.567744 0.0857033 0.0861707
0 0.51822 0.317353 0.106843 0.107665
0 0.854614 0.705174 0.095187 0.0949259
0 0.625668 0.57778 0.11564 0.115164
0 0.75098 0.260072 0.0754796 0.0775998
0 0.483162 0.582882 0.0869036 0.0859245
0 0.274825 0.28002 0.0829125 0.083444
0 0.803945 0.584959 0.0832314 0.0831833
0 0.766752 0.928284 0.099932 0.0962616
0 0.516373 0.6471 0.0589244 0.0595568
0 0.425509 0.408524 0.0703737 0.0705668
0 0.791292 0.838556 0.0800138 0.0768499
0 0.752164 0.629704 0.0592585 0.0589183
0 0.368378 0.790381 0.0825953 0.0825109
0 0.375879 0.893223 0.0801593 0.0810939
0 0.471094 0.419881 0.0454554 0.0458668
0 0.827072 0.926453 0.0661325 0.0659904
0 0.531425 0.573257 0.0632029 0.0645772
0 0.344227 0.399119 0.0787703 0.0808711
0 0.706299 0.567133 0.0858809 0.0869138
0 0.294267 0.499801 0.0870576 0.0871011
0 0.313817 0.22473 0.0751265 0.0736757
0 0.371951 0.297659 0.0711502 0.0689145
0 0.33441 0.0602015 0.0901641 0.090791
0 0.546064 0.573459 0.0628965 0.0634206
0 0.750937 0.745853 0.0697659 0.0708433
0 0.471953 0.508296 0.0520506 0.0520302
0 0.330271 0.399047 0.0779881 0.0807313
0 0.437043 0.969287 0.0921269 0.0610649
0 0.484849 0.420192 0.0455973 0.04652
0 0.732747 0.776159 0.0509142 0.0519688
0 0.922129 0.468847 0.101793 0.101378
0 0.411045 0.529396 0.0707567 0.0706334
0 0.648876 0.478695 0.0896066 0.0927395
0 0.438238 0.26865 0.0912438 0.0925802
0 0.502017 0.647361 0.0593163 0.0594091
0 0.299942 0.224382 0.0725368 0.0754134
0 0.737522 0.62933 0.0596844 0.0586854
0 0.382829 0.791072 0.0827778 0.0825645
0 0.411935 0.409436 0.0708688 0.0706231
0 0.458172 0.508452 0.0518145 0.0524937
0 0.982966 0.680376 0.0339979 0.0665578
0 0.235459 0.337247 0.0592034 0.058289
0 0.776497 0.839115 0.0775748 0.077343
0 0.746919 0.776604 0.0517537 0.0504906
0 0.588835 0.94413 0.0504459 0.0500621
0 0.574516 0.944289 0.0507771 0.0499106
0 0.397065 0.529475 0.0701517 0.0693416
0 0.865159 0.886515 0.0548252 0.053147
0 0.361485 0.893533 0.079483 0.0809687
0 0.763535 0.745217 0.0732956 0.0719025
0 0.359022 0.29585 0.0702643 0.0691082
0 0.249809 0.442872 0.0943546 0.0943806
0 0.22767 0.215308 0.066853 0.0650487
0 0.879363 0.886415 0.0542789 0.0530774
0 0.313189 0.847681 0.0503898 0.0512472
0 0.280202 0.785316 0.057971 0.0580566
0 0.839668 0.926348 0.0660206 0.0661741
0 0.422513 0.270017 0.0907616 0.0939299
0 0.277357 0.501113 0.0874308 0.08903
0 0.875575 0.794435 0.057724 0.0568085
0 0.309414 0.956345 0.0593628 0.0626623
0 0.61402 0.302511 0.0646595 0.0669904
0 0.987821 0.67963 0.0243584 0.0657303
0 0.928546 0.349609 0.0720482 0.0744542
0 0.890295 0.79436 0.0566328 0.0566511
0 0.59959 0.301702 0.0650957 0.0664504
0 0.734153 0.137426 0.0912949 0.090583
0 0.68874 0.40764 0.0597628 0.0595944
0 0.213431 0.21601 0.0659726 0.0664607
0 0.36874 0.470001 0.0707414 0.0698949
0 0.716881 0.139293 0.09209 0.0915712
0 0.266686 0.78553 0.057289 0.0577418
0 0.617724 0.443249 0.0760929 0.0753682
0 0.299134 0.0984027 0.0653281 0.0651711
0 0.132277 0.216312 0.0645153 0.0649275
0 0.294301 0.957106 0.0606916 0.0634771
0 0.220596 0.336417 0.0607998 0.0609313
0 0.602644 0.443909 0.0790479 0.0776213
0 0.190719 0.219998 0.0480352 0.0502738
0 0.0304651 0.976287 0.0607822 0.0474264
0 0.910132 0.475188 0.0927032 0.0934488
0 0.586464 0.506506 0.0556797 0.0550923
0 0.674377 0.407465 0.0601653 0.0605394
0 0.0352377 0.0227909 0.0688092 0.0451202
0 0.422574 0.209882 0.0826202 0.0824259
0 0.255544 0.58096 0.0737246 0.0747063
0 0.451219 0.153252 0.0717154 0.0730014
0 0.0236247 0.972801 0.0472495 0.053421
0 0.35601 0.470152 0.071043 0.0698653
0 0.298995 0.848112 0.0496808 0.0505465
0 0.571333 0.507999 0.0546896 0.0566266
0 0.286589 0.0987364 0.067631 0.0655977
0 0.408875 0.211012 0.0831133 0.085125
0 0.210575 0.495758 0.058014 0.0571523
0 0.436393 0.15338 0.0740852 0.0752912
0 0.268717 0.581495 0.0747642 0.0749775
0 0.636814 0.986569 0.0949579 0.0268618
0 0.155723 0.676113 0.0535855 0.0535324
0 0.205117 0.303989 0.0570362 0.0607154
0 0.117781 0.215918 0.0657114 0.0655995
0 0.196499 0.495738 0.0573178 0.0578178
0 0.727009 0.304839 0.077533 0.0777157
0 0.19175 0.302909 0.0596048 0.0596289
0 0.175476 0.219006 0.0477357 0.048918
0 0.964561 0.16096 0.062624 0.0636308
0 0.712314 0.303399 0.0759399 0.0765628
0 0.874602 0.419193 0.0713537 0.0715127
0 0.140738 0.676028 0.0531569 0.0538562
0 0.455209 0.0195079 0.0548747 0.0390157
0 0.817318 0.583108 0.0869192 0.0875885
0 0.663818 0.477274 0.0882982 0.0892297
0 0.509065 0.0260079 0.0739218 0.0520158
0 0.815321 0.0594844 0.0619934 0.0593372
0 0.382879 0.236179 0.0439476 0.0439885
0 0.833605 0.992384 0.0898617 0.0152325
0 0.369237 0.237326 0.0438125 0.0439944
0 0.627775 0.981889 0.109875 0.0362231
0 0.129119 0.144534 0.0692107 0.0686478
0 0.574234 0.273239 0.0340969 0.035563
0 0.836201 0.14557 0.0536852 0.0528045
0 0.495688 0.0279211 0.0798107 0.0553356
0 0.0444041 0.980045 0.0877796 0.0398003
0 0.621049 0.987198 0.0984644 0.0255034
0 0.0359729 0.96706 0.0719457 0.0657258
0 0.440316 0.0202709 0.0556183 0.0404794
0 0.321444 0.0551229 0.0923456 0.0967744
0 0.396316 0.089301 0.0716744 0.0722282
0 0.0404847 0.413514 0.073768 0.0718969
0 0.792441 0.209805 0.0527431 0.0536916
0 0.85014 0.147942 0.0537682 0.0552837
0 0.560677 0.273944 0.0347396 0.0371579
0 0.672051 0.257169 0.0896087 0.0919698
0 0.137292 0.412548 0.0422554 0.0411383
0 0.799423 0.0594864 0.0626242 0.0629156
0 0.245151 0.047731 0.0655437 0.0638048
0 0.37569 0.0841131 0.0629252 0.0625234
0 0.980653 0.210065 0.0386948 0.0977752
0 0.940784 0.455872 0.114123 0.116685
0 0.860454 0.423636 0.0742977 0.0765232
0 0.411683 0.980095 0.0922931 0.0398099
0 0.824467 0.989844 0.0943527 0.0203119
0 0.168699 0.985732 0.0948405 0.0285352
0 0.389068 0.0829468 0.0634402 0.0626421
0 0.703429 0.0192849 0.0873789 0.0384771
0 0.897871 0.788811 0.0623148 0.062428
0 0.777331 0.213525 0.0518614 0.0537931
0 0.978089 0.198156 0.0438211 0.0892061
0 0.198395 0.983438 0.0838992 0.0331237
0 0.273845 0.979954 0.0958037 0.0400923
0 0.185645 0.984757 0.0852453 0.0304859
0 0.276115 0.986508 0.0934958 0.026888
0 0.469977 0.988429 0.09795 0.0231414
0 0.132186 0.0872963 0.0510081 0.051579
0 0.50307 0.244138 0.051532 0.0519565
0 0.656575 0.259471 0.0807742 0.0800243
0 0.510062 0.980476 0.107936 0.0390474
0 0.410673 0.0882131 0.0668751 0.0675968
