0 0.183744 0.643385 0.185281 0.182607
0 0.897915 0.490941 0.147266 0.145146
0 0.933036 0.536159 0.133928 0.169604
0 0.279731 0.865163 0.128669 0.124283
0 0.372207 0.291334 0.175928 0.175327
0 0.524675 0.757344 0.149243 0.148412
0 0.730019 0.699858 0.160365 0.154018
0 0.575149 0.935157 0.174885 0.129357
0 0.396728 0.869587 0.150649 0.147511
0 0.847107 0.952642 0.125623 0.0947165
0 0.386771 0.620617 0.1821 0.18086
0 0.216902 0.271918 0.15799 0.152523
0 0.777184 0.384983 0.146113 0.144559
0 0.835896 0.800673 0.121682 0.119396
0 0.0401274 0.957201 0.0802548 0.0855981
0 0.254033 0.541808 0.107001 0.105356
0 0.574044 0.107327 0.134526 0.13715
0 0.782233 0.139978 0.127926 0.13057
0 0.685866 0.489259 0.127473 0.127644
0 0.964564 0.737142 0.069791 0.102514
0 0.0515332 0.947861 0.103066 0.103486
0 0.653835 0.796639 0.121235 0.128164
0 0.680895 0.265132 0.1122 0.113286
0 0.91006 0.0390064 0.147619 0.0778439
0 0.607294 0.346795 0.130578 0.13002
0 0.0311691 0.961458 0.0622514 0.0766768
0 0.495174 0.451575 0.0983969 0.100002
0 0.160072 0.421969 0.114611 0.113473
0 0.05592 0.966529 0.108636 0.0669416
0 0.963924 0.919294 0.0719027 0.14969
0 0.85918 0.245332 0.0776821 0.0782606
0 0.0330242 0.822872 0.0655717 0.154043
0 0.507791 0.623895 0.137603 0.136106
0 0.9567 0.967869 0.0855886 0.0642621
0 0.141361 0.56691 0.143458 0.143989
0 0.844704 0.246796 0.0770496 0.0763893
0 0.0606498 0.936392 0.120875 0.125053
0 0.241144 0.339026 0.122035 0.117711
0 0.953331 0.377758 0.0578918 0.0584776
0 0.939537 0.969202 0.117245 0.0615971
0 0.342621 0.0621911 0.180871 0.124382
0 0.664738 0.0767653 0.120579 0.123937
0 0.944102 0.949937 0.111095 0.100126
0 0.415397 0.486469 0.093861 0.092911
0 0.967045 0.163398 0.06591 0.136697
0 0.974064 0.0240415 0.0508327 0.0475943
0 0.503678 0.284015 0.076182 0.075484
0 0.968451 0.958176 0.0624935 0.0821292
0 0.967003 0.0270993 0.0651348 0.0541733
0 0.0722671 0.265405 0.10955 0.113115
0 0.0412624 0.60974 0.0821288 0.172136
0 0.0307706 0.0314114 0.0612752 0.0627325
0 0.0725223 0.953738 0.141396 0.0915362
0 0.416441 0.103004 0.104655 0.102004
0 0.919618 0.0305207 0.135719 0.0610413
0 0.0212704 0.812888 0.0425049 0.137127
0 0.0287321 0.947531 0.0574642 0.103433
0 0.928557 0.958086 0.142769 0.0831958
0 0.488604 0.288247 0.074769 0.0738214
0 0.978101 0.0307267 0.0431807 0.0614534
0 0.938388 0.37852 0.0604038 0.0599501
0 0.969238 0.0376228 0.0615238 0.0746841
0 0.0589311 0.976709 0.114416 0.0463654
0 0.0436082 0.926232 0.0870683 0.140531
0 0.0412233 0.0253112 0.0773532 0.0506223
0 0.248704 0.98189 0.184097 0.0362192
0 0.106365 0.323514 0.0864138 0.0862426
0 0.911026 0.945518 0.174988 0.108964
0 0.404877 0.479527 0.0892779 0.0891062
