0 0.924557 0.836362 0.146958 0.147914
0 0.0953134 0.382024 0.131765 0.128791
0 0.81804 0.418556 0.119899 0.122512
0 0.501554 0.933004 0.152666 0.133991
0 0.0964974 0.791469 0.116953 0.116418
0 0.330343 0.520891 0.132792 0.134167
0 0.938676 0.45994 0.119453 0.120397
0 0.156924 0.506119 0.111698 0.111149
0 0.308397 0.856472 0.116811 0.117668
0 0.426719 0.297124 0.105327 0.103776
0 0.075597 0.515694 0.0885826 0.0886485
0 0.570648 0.765637 0.143763 0.140706
0 0.112368 0.929255 0.0973044 0.0987333
0 0.953393 0.180613 0.0926338 0.104293
0 0.30581 0.698978 0.11534 0.115312
0 0.168874 0.657609 0.107196 0.106868
0 0.376557 0.96749 0.117762 0.0650201
0 0.525829 0.393143 0.113265 0.114676
0 0.278112 0.46118 0.108648 0.107172
0 0.199991 0.333823 0.100036 0.100057
0 0.828623 0.947982 0.128085 0.104036
0 0.692857 0.822332 0.108694 0.107907
0 0.675672 0.506985 0.130711 0.129889
0 0.233754 0.595177 0.0907445 0.0911458
0 0.589374 0.228274 0.113028 0.112772
0 0.0354318 0.163096 0.0707531 0.124068
0 0.513288 0.558696 0.0832068 0.0820481
0 0.651587 0.235604 0.0979526 0.100511
0 0.925465 0.0580478 0.124315 0.113888
0 0.422367 0.427477 0.102683 0.100972
0 0.444458 0.100051 0.100624 0.100184
0 0.320401 0.306853 0.102647 0.103741
0 0.485687 0.673908 0.114196 0.112568
0 0.869072 0.556186 0.110636 0.10873
0 0.827158 0.242638 0.12329 0.12272
0 0.68533 0.681653 0.0986052 0.0988534
0 0.22091 0.877316 0.0849879 0.083316
0 0.489722 0.797346 0.066382 0.0657384
0 0.730319 0.370241 0.0932394 0.0914255
0 0.427403 0.646099 0.0439675 0.0421125
0 0.574927 0.599975 0.118326 0.116576
0 0.474314 0.798114 0.0661701 0.0659217
0 0.689455 0.954168 0.0914651 0.0843915
0 0.408231 0.777845 0.0825695 0.0836828
0 0.038544 0.975244 0.0755375 0.0495112
0 0.785814 0.662507 0.0940059 0.0937981
0 0.816482 0.747662 0.0476755 0.0472885
0 0.868886 0.697179 0.0948433 0.0953425
0 0.746266 0.205141 0.0712894 0.0711037
0 0.751402 0.573555 0.0567192 0.0564878
0 0.498601 0.559143 0.0821033 0.0813482
0 0.754336 0.765496 0.0609558 0.0606105
0 0.629207 0.910409 0.0900999 0.090405
0 0.775528 0.431129 0.0575905 0.0599972
0 0.39291 0.779131 0.0811276 0.0813807
0 0.238375 0.273452 0.0749705 0.0734951
0 0.300034 0.153079 0.0405564 0.0411662
0 0.171671 0.269339 0.0889338 0.0874589
0 0.0556092 0.0270403 0.110357 0.0540806
0 0.527366 0.0675095 0.0950255 0.096987
0 0.801129 0.747938 0.0473846 0.0463348
0 0.737265 0.573661 0.0563258 0.0557643
0 0.769758 0.765587 0.0616956 0.0606393
0 0.0567836 0.73936 0.112791 0.124313
0 0.413351 0.646083 0.0428048 0.0422178
0 0.581381 0.466544 0.0645981 0.0643974
0 0.301751 0.24105 0.0551656 0.0546707
0 0.730509 0.205636 0.0714909 0.0710994
0 0.678296 0.315313 0.0558273 0.0549732
0 0.638971 0.435538 0.0710191 0.0709975
0 0.761451 0.430713 0.0582381 0.0576752
0 0.417643 0.705168 0.0499811 0.0496536
0 0.226253 0.108277 0.063655 0.0641318
0 0.285268 0.153786 0.0398467 0.0407747
0 0.565724 0.464561 0.0647314 0.066089
0 0.811274 0.838544 0.0653851 0.0640664
0 0.287087 0.241689 0.0555715 0.0543037
0 0.613967 0.91134 0.0885578 0.0889048
0 0.402435 0.704312 0.0479915 0.0472463
0 0.663968 0.315637 0.0566168 0.0568569
0 0.0289008 0.96996 0.0578016 0.0591868
0 0.625665 0.435593 0.0715178 0.0720584
0 0.270787 0.0389171 0.0761811 0.0735282
0 0.0426045 0.568457 0.0549854 0.0548426
0 0.796845 0.83836 0.0633942 0.06396
0 0.212415 0.107084 0.0637606 0.0640454
0 0.426154 0.535521 0.0579496 0.0578135
0 0.2223 0.272889 0.0734402 0.0733987
0 0.0545784 0.56842 0.0549157 0.0550278
0 0.56227 0.172759 0.0849882 0.0859107
0 0.264118 0.788677 0.0624919 0.0612014
0 0.277872 0.788342 0.0611274 0.0602713
0 0.411098 0.535185 0.0562158 0.0576439
0 0.285047 0.0409292 0.0752168 0.0748205
0 0.548016 0.172347 0.0827127 0.0833137
0 0.516034 0.268937 0.0852629 0.0833764
0 0.174699 0.0712974 0.0912603 0.0896901
0 0.0349204 0.649224 0.0698408 0.102065
0 0.458924 0.39577 0.0515352 0.0541849
0 0.928029 0.312575 0.0715864 0.0738576
0 0.619902 0.985909 0.105067 0.0281815
0 0.0519711 0.976799 0.0999931 0.0463801
0 0.387114 0.978432 0.119442 0.0431365
0 0.520444 0.278742 0.0720219 0.0777556
0 0.915441 0.310761 0.0734531 0.0736265
0 0.367925 0.97459 0.11958 0.0508199
0 0.62337 0.980066 0.1154 0.0398688
0 0.494715 0.162084 0.0591149 0.0590469
0 0.111091 0.32545 0.0633386 0.0630067
0 0.680484 0.0579192 0.0642784 0.0625944
0 0.447281 0.396591 0.0516706 0.0537357
0 0.162855 0.0757984 0.0850246 0.0836619
0 0.607505 0.988642 0.0937221 0.0227154
0 0.0493604 0.966766 0.0954577 0.06639
0 0.236952 0.956008 0.113317 0.0875595
0 0.693976 0.0202416 0.106848 0.0404831
0 0.648492 0.985439 0.109669 0.0291223
0 0.973926 0.973981 0.0518612 0.0511971
0 0.400726 0.984831 0.116317 0.030338
0 0.254339 0.977043 0.130011 0.0459136
0 0.479144 0.163355 0.0601646 0.0603971
0 0.664478 0.0575798 0.06432 0.0647419
0 0.0253565 0.632888 0.0504764 0.100539
0 0.176576 0.0623178 0.109123 0.101153
0 0.173127 0.984094 0.110251 0.0318122
0 0.978817 0.960473 0.0417122 0.0760671
0 0.440188 0.986001 0.107291 0.0279976
0 0.0291953 0.035852 0.0577964 0.0705748
0 0.965021 0.971302 0.0689711 0.0573963
0 0.922178 0.975068 0.137293 0.0498637
0 0.576844 0.986907 0.113246 0.0261864
0 0.42011 0.979133 0.121421 0.0417348
0 0.42201 0.985613 0.107861 0.0287741
0 0.471333 0.269123 0.0506418 0.0510324
0 0.502807 0.273485 0.0775181 0.0813787
0 0.580517 0.981049 0.117942 0.0379012
0 0.968399 0.957497 0.062537 0.083932
0 0.980061 0.29836 0.0398718 0.095513
