0 0.970079 0.498594 0.0598423 0.0729462
0 0.612499 0.772121 0.0899523 0.0910205
0 0.972839 0.228032 0.0539913 0.0811072
0 0.0324366 0.504974 0.0648732 0.072171
0 0.588259 0.580101 0.088241 0.0879974
0 0.727753 0.458508 0.0806983 0.08086
0 0.307781 0.441679 0.0839932 0.0828144
0 0.49837 0.702125 0.0733167 0.0753039
0 0.597034 0.77344 0.0908181 0.0915601
0 0.583144 0.674277 0.0559835 0.055581
0 0.649729 0.653984 0.0795933 0.0781985
0 0.137165 0.45571 0.0750281 0.0754003
0 0.413292 0.448543 0.0695714 0.0711206
0 0.713424 0.457037 0.0833044 0.0815421
0 0.634588 0.654127 0.0790983 0.0784283
0 0.549899 0.849944 0.0797922 0.0796965
0 0.572916 0.579203 0.0891348 0.0882128
0 0.716196 0.190677 0.0656739 0.065535
0 0.685386 0.714964 0.0460992 0.0464575
0 0.418683 0.724383 0.0598787 0.0623187
0 0.438249 0.361446 0.0772295 0.0764589
0 0.660801 0.124796 0.0783682 0.0774571
0 0.453073 0.361228 0.0783577 0.0770663
0 0.666482 0.557491 0.0698711 0.0697965
0 0.830058 0.554808 0.064875 0.0636968
0 0.820931 0.317405 0.0743202 0.0755353
0 0.568363 0.674053 0.0559178 0.0563906
0 0.297315 0.618542 0.0722717 0.0714136
0 0.842497 0.469128 0.0604347 0.0603856
0 0.539373 0.49438 0.0770329 0.0756744
0 0.693134 0.805499 0.0744902 0.0742917
0 0.431969 0.29336 0.0714041 0.0722906
0 0.650693 0.0610372 0.0761423 0.0746846
0 0.414879 0.613111 0.0459596 0.0454693
0 0.783705 0.512736 0.0558476 0.056742
0 0.177152 0.665105 0.0760985 0.0766571
0 0.770692 0.137773 0.0821392 0.0828327
0 0.607285 0.491138 0.0751286 0.0741365
0 0.726015 0.625158 0.0908483 0.0895931
0 0.702089 0.190843 0.0653539 0.065149
0 0.100382 0.296521 0.0728392 0.0716466
0 0.515236 0.574581 0.0568096 0.0566622
0 0.735606 0.361816 0.0669186 0.0676739
0 0.65192 0.557434 0.0685951 0.0687333
0 0.720862 0.360842 0.0679318 0.0674404
0 0.668961 0.412296 0.0583103 0.0578523
0 0.400527 0.612939 0.0460425 0.0462106
0 0.894098 0.314066 0.0865417 0.0875193
0 0.699686 0.714748 0.0468933 0.047288
0 0.654346 0.411751 0.0578236 0.0578791
0 0.717911 0.538034 0.045565 0.0441802
0 0.483754 0.702315 0.0728889 0.0744428
0 0.769452 0.512824 0.0561217 0.0567077
0 0.616683 0.357088 0.0590969 0.0620333
0 0.665736 0.329508 0.056262 0.0557055
0 0.733518 0.701092 0.0387689 0.0399497
0 0.578097 0.425313 0.0510874 0.0492326
0 0.420182 0.824287 0.0733666 0.0743351
0 0.732424 0.538014 0.0453255 0.0450251
0 0.428566 0.0744578 0.0691388 0.0689626
0 0.621689 0.490477 0.0753206 0.0755903
0 0.524178 0.49304 0.0745207 0.0738395
0 0.486649 0.278904 0.0645536 0.0661097
0 0.753682 0.29461 0.0534697 0.0530287
0 0.837926 0.411224 0.042659 0.0437495
0 0.37465 0.671853 0.0714229 0.0699884
0 0.806551 0.317406 0.0749414 0.0753465
0 0.676664 0.26927 0.0759398 0.0765157
0 0.814851 0.55513 0.063736 0.0623742
0 0.287068 0.174842 0.0565411 0.0583583
0 0.902345 0.449184 0.0762115 0.0743949
0 0.38117 0.544025 0.0572917 0.0587269
0 0.617797 0.235598 0.0534592 0.053982
0 0.524017 0.639341 0.0491085 0.0494586
0 0.43364 0.72417 0.0600052 0.0608976
0 0.632863 0.236046 0.0531703 0.0538375
0 0.793631 0.686878 0.0807074 0.0806246
0 0.227072 0.37808 0.0653743 0.0653499
0 0.802204 0.401542 0.0690304 0.0694171
0 0.538078 0.639197 0.0494452 0.0483821
0 0.645845 0.124212 0.0782794 0.0792132
0 0.57945 0.260029 0.0795656 0.0792623
0 0.526937 0.122887 0.0633934 0.0636161
0 0.366897 0.502631 0.0634863 0.0632828
0 0.244508 0.531598 0.0570229 0.0574289
0 0.399396 0.447671 0.0682017 0.0700951
0 0.679264 0.805034 0.0744539 0.075015
0 0.513215 0.12348 0.0634993 0.0638928
0 0.785621 0.136971 0.0818954 0.0830305
0 0.417217 0.294816 0.0715808 0.0715089
0 0.510613 0.419738 0.0620169 0.0614921
0 0.395322 0.543899 0.0576384 0.0587274
0 0.536192 0.849499 0.0780846 0.0789386
0 0.375948 0.284297 0.0664416 0.0673611
0 0.493535 0.235261 0.0694389 0.0681322
0 0.328456 0.17683 0.0643931 0.0647072
0 0.303527 0.718598 0.0806439 0.0801636
0 0.353084 0.502213 0.0626892 0.0632706
0 0.844384 0.628198 0.0568604 0.0572006
0 0.565201 0.260725 0.0792426 0.0790546
0 0.477679 0.524553 0.053785 0.0536274
0 0.808275 0.686217 0.0809605 0.0801977
0 0.472138 0.278973 0.0644949 0.0661469
0 0.11373 0.296922 0.0731482 0.0719957
0 0.582556 0.143648 0.0411388 0.0412917
0 0.28358 0.618429 0.0723705 0.0728218
0 0.524774 0.419419 0.0618305 0.0612434
0 0.462786 0.524598 0.0530349 0.0529638
0 0.690798 0.269291 0.0776812 0.0776333
0 0.259085 0.53162 0.057655 0.0572461
0 0.431023 0.570789 0.0373388 0.0376312
0 0.452071 0.921366 0.0791208 0.0799469
0 0.887733 0.449624 0.0737825 0.0740557
0 0.0740849 0.634922 0.0764577 0.074357
0 0.739913 0.293892 0.0546061 0.0531026
0 0.318174 0.717774 0.0798321 0.0807674
0 0.413888 0.0740933 0.0677608 0.0685168
0 0.212854 0.377966 0.0648212 0.0647692
0 0.375974 0.347426 0.0541541 0.0538295
0 0.563383 0.426646 0.0518051 0.0536692
0 0.957375 0.777254 0.0789253 0.0794397
0 0.784917 0.401616 0.0696074 0.0689049
0 0.81304 0.782145 0.0697321 0.0689855
0 0.360078 0.671372 0.0701703 0.0702209
0 0.906804 0.687717 0.0645706 0.0653155
0 0.859582 0.627931 0.0573559 0.056994
0 0.190833 0.214177 0.0756202 0.0767123
0 0.241133 0.779223 0.0599621 0.0593084
0 0.0515972 0.365304 0.079079 0.0772897
0 0.478609 0.235501 0.0697662 0.0695569
0 0.325583 0.54151 0.0531834 0.0539884
0 0.680048 0.329185 0.0565008 0.0568291
0 0.891957 0.687474 0.0648945 0.0653844
0 0.636089 0.0614716 0.0743557 0.0743125
0 0.343482 0.176413 0.0649544 0.0640526
0 0.361651 0.285291 0.0695275 0.0699809
0 0.377019 0.867669 0.0689898 0.068676
0 0.360683 0.867137 0.0693849 0.0684621
0 0.501928 0.575088 0.0557733 0.0567713
0 0.405887 0.824444 0.0732711 0.0727001
0 0.295948 0.21925 0.0464657 0.0460756
0 0.828537 0.469962 0.0610523 0.0606223
0 0.464707 0.177539 0.0397713 0.0381659
0 0.51506 0.951923 0.0605996 0.0620382
0 0.311515 0.939202 0.0688149 0.0683533
0 0.176001 0.40354 0.0603969 0.0602631
0 0.824229 0.206726 0.0795609 0.0815023
0 0.282673 0.219017 0.0452363 0.0464755
0 0.447163 0.620943 0.0360945 0.0370668
0 0.833773 0.845851 0.0546425 0.0543287
0 0.838236 0.20704 0.0809273 0.0799493
0 0.561367 0.351568 0.052327 0.0533932
0 0.311298 0.54082 0.0547524 0.0538769
0 0.723683 0.871182 0.0762902 0.0733301
0 0.720005 0.701821 0.0389835 0.0389726
0 0.39106 0.347971 0.053054 0.0529554
0 0.601626 0.357773 0.0624146 0.0625597
0 0.190987 0.584458 0.0409545 0.0405418
0 0.405488 0.949687 0.069693 0.0716904
0 0.461551 0.621105 0.0365843 0.0365036
0 0.549595 0.734347 0.0458855 0.0459868
0 0.619068 0.870866 0.0607826 0.0595551
0 0.797966 0.782797 0.0685047 0.0682309
0 0.187722 0.7882 0.0616746 0.0609886
0 0.375463 0.135696 0.0480214 0.0472742
0 0.369354 0.753556 0.0568846 0.0563182
0 0.251963 0.456634 0.0563916 0.0576117
0 0.935827 0.6307 0.0539227 0.0536811
0 0.254699 0.65751 0.0520247 0.0509735
0 0.444101 0.5708 0.037616 0.0363309
0 0.196636 0.0443734 0.072438 0.0726757
0 0.38917 0.134915 0.0479597 0.0471255
0 0.546137 0.35224 0.0515942 0.0522384
0 0.535281 0.73401 0.0449096 0.0460686
0 0.28291 0.286907 0.0446128 0.0459561
0 0.603605 0.870399 0.0598288 0.0590357
0 0.950016 0.630786 0.0509533 0.0529677
0 0.368604 0.596186 0.0432899 0.0432805
0 0.573956 0.934323 0.0758982 0.0756215
0 0.450167 0.177624 0.0382146 0.0383547
0 0.244626 0.871399 0.0599932 0.0636528
0 0.238632 0.456678 0.0579029 0.0555776
0 0.709836 0.870156 0.0752726 0.0749675
0 0.166905 0.907093 0.0584821 0.0599205
0 0.391514 0.194496 0.0413611 0.0409357
0 0.568461 0.143348 0.0414499 0.0412227
0 0.756988 0.813921 0.0631147 0.0634162
0 0.211801 0.866666 0.0706676 0.0726803
0 0.255421 0.778221 0.061206 0.0589485
0 0.743387 0.81429 0.062549 0.0627804
0 0.437813 0.919968 0.0805906 0.0803088
0 0.728675 0.0893112 0.0472036 0.0478751
0 0.114391 0.849973 0.0551013 0.0549477
0 0.354207 0.59608 0.0442597 0.0427213
0 0.160631 0.403818 0.0598673 0.0602729
0 0.393235 0.950252 0.0748426 0.073217
0 0.22121 0.295801 0.0501365 0.0503208
0 0.120962 0.797053 0.0588451 0.0581713
0 0.114309 0.720162 0.0639935 0.0651215
0 0.904608 0.528726 0.049641 0.0500736
0 0.620568 0.403318 0.0383649 0.0382014
0 0.163986 0.665951 0.0763991 0.0772321
0 0.235713 0.295617 0.0508372 0.0502997
0 0.60623 0.402602 0.0387294 0.0387867
0 0.355292 0.75408 0.0573737 0.0568718
0 0.325763 0.362892 0.0497048 0.0496947
0 0.175715 0.213872 0.0751469 0.0765823
0 0.172327 0.970629 0.0634693 0.0577646
0 0.273629 0.1739 0.056147 0.056623
0 0.777256 0.22088 0.0316521 0.0321392
0 0.181581 0.0444646 0.07299 0.0724184
0 0.647524 0.729722 0.0327484 0.0322352
0 0.312427 0.363057 0.0502246 0.0502118
0 0.242952 0.657507 0.0522848 0.0496335
0 0.0651674 0.365809 0.0790465 0.0771665
0 0.457864 0.756443 0.0291923 0.0299997
0 0.298279 0.287008 0.046064 0.0452481
0 0.818918 0.845844 0.0531076 0.0545181
0 0.784913 0.964391 0.0654741 0.0651753
0 0.48027 0.475102 0.0363743 0.0379664
0 0.152142 0.908597 0.0586826 0.0598089
0 0.661426 0.729581 0.0339811 0.0317679
0 0.919291 0.528555 0.0493828 0.0501414
0 0.50165 0.951041 0.0609964 0.0614491
0 0.495215 0.349672 0.0317029 0.0337934
0 0.172553 0.787606 0.0602225 0.0630225
0 0.481062 0.843836 0.035803 0.0369898
0 0.561269 0.93526 0.0738217 0.0744644
0 0.380984 0.407855 0.0389417 0.0380458
0 0.206202 0.12841 0.0574324 0.0568335
0 0.80027 0.965006 0.0653845 0.0655876
0 0.494513 0.474177 0.0365164 0.0370751
0 0.418482 0.192075 0.0335414 0.0346618
0 0.483252 0.583936 0.0306376 0.0348059
0 0.525634 0.767629 0.0379995 0.0377253
0 0.61242 0.187817 0.0402891 0.0397495
0 0.94404 0.776325 0.0781261 0.0791294
0 0.229835 0.8708 0.0640231 0.0627851
0 0.713915 0.0895509 0.0475039 0.0481506
0 0.823378 0.412312 0.0419567 0.0428516
0 0.298144 0.939709 0.0690299 0.0703851
0 0.191055 0.739861 0.0353813 0.0350828
0 0.191959 0.128147 0.0564466 0.0562182
0 0.549712 0.092046 0.0436763 0.0436992
0 0.847679 0.925408 0.0619888 0.061381
0 0.495737 0.844129 0.0372568 0.0376137
0 0.442862 0.525485 0.0306707 0.0369635
0 0.110352 0.797324 0.0586358 0.0577151
0 0.894266 0.247379 0.0583 0.0594235
0 0.188986 0.281564 0.0534813 0.0551664
0 0.365933 0.407769 0.0383883 0.0388823
0 0.376831 0.194818 0.0400496 0.0416077
0 0.673152 0.484632 0.0306861 0.0298059
0 0.973756 0.320342 0.0522591 0.0602068
0 0.724216 0.24359 0.0307652 0.0315448
0 0.46819 0.454083 0.0283081 0.0287179
0 0.200515 0.535709 0.0349909 0.0338456
0 0.29719 0.877315 0.0409152 0.0413897
0 0.508777 0.349858 0.0317542 0.032734
0 0.177142 0.281265 0.0543831 0.0530057
0 0.8326 0.724791 0.0468353 0.0483692
0 0.833847 0.925183 0.0610924 0.0617279
0 0.928156 0.399591 0.0536379 0.0515794
0 0.0990257 0.721055 0.0643331 0.0650204
0 0.177657 0.58429 0.04167 0.0400246
0 0.432934 0.19173 0.0321613 0.0331792
0 0.642293 0.326319 0.0267944 0.0311637
0 0.061304 0.634265 0.0770376 0.076398
0 0.598257 0.187874 0.0398113 0.0409032
0 0.730056 0.755729 0.0361039 0.0352912
0 0.159094 0.971017 0.064231 0.0568278
0 0.523536 0.330438 0.0365652 0.0384537
0 0.367461 0.443588 0.0267314 0.0253153
0 0.186575 0.535453 0.0343459 0.0326487
0 0.273745 0.580819 0.0340531 0.03333
0 0.161299 0.605866 0.0446769 0.0467744
0 0.914224 0.399754 0.0521828 0.0512184
0 0.87967 0.248308 0.0574738 0.0571452
0 0.846589 0.725363 0.0494495 0.0477964
0 0.868612 0.799891 0.0598885 0.0614489
0 0.283619 0.877286 0.0398475 0.0405111
0 0.149688 0.606588 0.0448287 0.0438995
0 0.884544 0.802453 0.0609207 0.0594856
0 0.124138 0.454305 0.075775 0.0741122
0 0.739282 0.243203 0.0327472 0.0325361
0 0.470291 0.755547 0.0292292 0.0294161
0 0.125798 0.852972 0.0494924 0.0474045
0 0.537854 0.330169 0.0375358 0.0398252
0 0.594146 0.0422822 0.0497852 0.0501654
0 0.483428 0.775243 0.0290128 0.0317501
0 0.762836 0.221197 0.0311478 0.0308167
0 0.415032 0.239505 0.0323995 0.0324219
0 0.658962 0.485835 0.0299525 0.0298256
0 0.32936 0.796109 0.0372871 0.0375839
0 0.177527 0.740002 0.0354675 0.0351175
0 0.201306 0.8656 0.0677268 0.0673242
0 0.535493 0.0962985 0.0424886 0.0433506
0 0.319491 0.0362848 0.0720445 0.0685232
0 0.209917 0.259425 0.0422982 0.0420798
0 0.868207 0.166537 0.0516838 0.0513909
