0 0.917213 0.964017 0.115886 0.0719663
0 0.0384722 0.907382 0.0691812 0.070459
0 0.786112 0.889207 0.0863982 0.0881986
0 0.685744 0.675032 0.0897616 0.0908353
0 0.115505 0.633322 0.0894695 0.089109
0 0.731291 0.888751 0.0908468 0.0894998
0 0.0482413 0.851253 0.0866493 0.0853016
0 0.785329 0.980205 0.101726 0.0395903
0 0.179042 0.831126 0.106736 0.105875
0 0.564564 0.565606 0.0862356 0.0849767
0 0.434253 0.794041 0.102315 0.103618
0 0.967826 0.615845 0.0640476 0.07772
0 0.345165 0.467336 0.0892378 0.0886768
0 0.320284 0.744872 0.0940103 0.0939846
0 0.53717 0.904855 0.0946334 0.0952752
0 0.925826 0.797698 0.0818085 0.0810609
0 0.0987755 0.840257 0.0819145 0.0804034
0 0.606131 0.828614 0.0679718 0.0666931
0 0.0635037 0.704754 0.0839103 0.0845105
0 0.6706 0.985988 0.104997 0.0280239
0 0.36202 0.922986 0.0848532 0.0854515
0 0.51062 0.836161 0.0808232 0.0793839
0 0.623887 0.724616 0.0645237 0.0648163
0 0.388236 0.512273 0.0798412 0.079493
0 0.492952 0.683293 0.044049 0.0434202
0 0.591842 0.828193 0.0670755 0.0671546
0 0.244652 0.643907 0.0888543 0.0882184
0 0.524546 0.836302 0.0840815 0.0812738
0 0.222545 0.551729 0.0483031 0.049146
0 0.236584 0.551905 0.049605 0.0489124
0 0.856673 0.745294 0.101966 0.10395
0 0.333929 0.838937 0.085694 0.087631
0 0.637158 0.724196 0.0641544 0.0644452
0 0.6805 0.561005 0.0763054 0.0783237
0 0.663879 0.817489 0.0632655 0.0631098
0 0.748159 0.146407 0.0700834 0.0701824
0 0.224185 0.939088 0.0818029 0.0814166
0 0.15153 0.522381 0.0775624 0.0783426
0 0.373972 0.511367 0.0784564 0.0790348
0 0.278677 0.546271 0.0602547 0.0598336
0 0.185307 0.686584 0.0598717 0.0596583
0 0.292758 0.547047 0.060148 0.0584066
0 0.137859 0.522385 0.078325 0.0777995
0 0.703229 0.261017 0.0624571 0.0628485
0 0.244731 0.714481 0.0656465 0.0653392
0 0.667738 0.562074 0.0750564 0.0753611
0 0.477987 0.391865 0.0757283 0.0759661
0 0.734177 0.145668 0.069688 0.0702732
0 0.677549 0.449795 0.0703006 0.0708989
0 0.600884 0.296044 0.0771374 0.076788
0 0.83145 0.553928 0.0714762 0.0726766
0 0.402398 0.735491 0.0729986 0.0731038
0 0.268701 0.117679 0.0767082 0.0770634
0 0.315008 0.955701 0.0707571 0.0695922
0 0.545444 0.265171 0.0710948 0.0700468
0 0.676908 0.817725 0.0630838 0.0625392
0 0.257748 0.714518 0.0640029 0.0647648
0 0.282314 0.116813 0.0781437 0.0781676
0 0.205108 0.503152 0.0485472 0.0487858
0 0.464968 0.392513 0.0745996 0.0753532
0 0.390758 0.686377 0.0668161 0.0673117
0 0.623314 0.361774 0.0634813 0.0636077
0 0.3302 0.468938 0.0880024 0.0886624
0 0.88024 0.331839 0.0861958 0.0856941
0 0.479377 0.683194 0.0438759 0.0439318
0 0.536345 0.397597 0.0735176 0.0732746
0 0.257803 0.318491 0.047241 0.047484
0 0.74547 0.311899 0.0695507 0.071361
0 0.758605 0.312055 0.0684395 0.0690524
0 0.541749 0.451922 0.0557428 0.0558943
0 0.528505 0.45148 0.0557287 0.0564287
0 0.483609 0.573515 0.0586998 0.0577396
0 0.0841433 0.950987 0.0496162 0.0473951
0 0.497745 0.572434 0.0583054 0.0575668
0 0.172173 0.686213 0.0595986 0.0599806
0 0.19121 0.503704 0.0484057 0.0482719
0 0.523213 0.396805 0.0717201 0.0723182
0 0.663617 0.450027 0.0721161 0.0716923
0 0.138327 0.332846 0.0786414 0.0789271
0 0.586773 0.297229 0.0792351 0.0779422
0 0.76997 0.492496 0.078477 0.0788302
0 0.273131 0.806858 0.0373095 0.0372622
0 0.912287 0.796715 0.0809345 0.0810679
0 0.755167 0.492611 0.0786107 0.0791744
0 0.0834354 0.83981 0.0798641 0.0794053
0 0.387118 0.734948 0.0687189 0.0704595
0 0.597267 0.664052 0.0514472 0.052346
0 0.30087 0.954784 0.0695847 0.0693845
0 0.505942 0.532619 0.0490908 0.0511796
0 0.612094 0.664206 0.0533894 0.0531451
0 0.263767 0.494377 0.0550118 0.0554145
0 0.376937 0.685642 0.066518 0.0652435
0 0.17694 0.243091 0.06316 0.0636283
0 0.817172 0.55474 0.0728586 0.0734014
0 0.210396 0.937832 0.0792583 0.0797115
0 0.965084 0.70522 0.0565722 0.0546324
0 0.687998 0.262526 0.0619315 0.0636985
0 0.558355 0.26555 0.0708464 0.0689125
0 0.717081 0.834651 0.0434374 0.0439322
0 0.0977061 0.950874 0.0476722 0.0469678
0 0.609043 0.361768 0.0648027 0.0656534
0 0.376141 0.367654 0.0845302 0.0841969
0 0.259762 0.806893 0.037272 0.03752
0 0.170067 0.449343 0.0660566 0.0664958
0 0.278041 0.494696 0.0534036 0.0526502
0 0.491634 0.532909 0.0487509 0.050293
0 0.59552 0.431807 0.0510077 0.0510153
0 0.394447 0.167877 0.0661734 0.0665465
0 0.237316 0.414365 0.0586349 0.0579571
0 0.581764 0.432373 0.0503658 0.0509073
0 0.162817 0.242109 0.0613797 0.0610492
0 0.124276 0.332548 0.0761954 0.0774344
0 0.708509 0.713103 0.0623533 0.0607585
0 0.607319 0.148804 0.0591374 0.0571078
0 0.155907 0.448969 0.0665659 0.0655398
0 0.379572 0.168929 0.0661496 0.0652613
0 0.223247 0.413958 0.0571096 0.0572628
0 0.223518 0.181591 0.0640084 0.0621371
0 0.847884 0.673062 0.0566624 0.0583318
0 0.0935764 0.551967 0.063157 0.0623489
0 0.440282 0.587345 0.0624994 0.0627263
0 0.96319 0.554308 0.0718514 0.0763839
0 0.833978 0.672754 0.0571644 0.0587479
0 0.173259 0.948162 0.0552456 0.0538418
0 0.361125 0.368082 0.0844895 0.0849742
0 0.25344 0.775476 0.0410249 0.0399869
0 0.139594 0.719815 0.0532508 0.0523731
0 0.703525 0.834535 0.0449501 0.044057
0 0.244052 0.318363 0.047589 0.0476898
0 0.425676 0.587973 0.0641919 0.0643013
0 0.951301 0.705543 0.0549149 0.0547698
0 0.412959 0.413756 0.0703302 0.0713678
0 0.511583 0.14057 0.0868641 0.0871248
0 0.336678 0.545826 0.0355345 0.0350731
0 0.15755 0.948185 0.0555045 0.0536344
0 0.813336 0.29983 0.0784894 0.0792508
0 0.208631 0.180152 0.0633564 0.0630718
0 0.218574 0.758039 0.0538689 0.054046
0 0.24057 0.774728 0.0406524 0.0406881
0 0.236539 0.228909 0.0591647 0.0594119
0 0.694985 0.715125 0.0615219 0.0626048
0 0.375491 0.220193 0.0704188 0.0715303
0 0.36181 0.217786 0.0694704 0.0710933
0 0.920006 0.281985 0.0699846 0.0718429
0 0.840373 0.208504 0.0741066 0.0741618
0 0.593258 0.148935 0.0579366 0.0583825
0 0.0807894 0.552676 0.0613397 0.0618768
0 0.206071 0.758256 0.0537277 0.0520629
0 0.125604 0.719266 0.0519904 0.0509926
0 0.673722 0.317745 0.052852 0.0520289
0 0.799587 0.304048 0.0794865 0.0834931
0 0.323587 0.5459 0.0324538 0.034641
0 0.893334 0.328681 0.0864899 0.0849755
0 0.670021 0.204859 0.0554043 0.0537973
0 0.399262 0.41075 0.0696635 0.0708974
0 0.771082 0.700234 0.0745001 0.0750048
0 0.32557 0.991583 0.0924117 0.0168349
0 0.659266 0.318322 0.0525131 0.0517548
0 0.907366 0.281185 0.0703022 0.072892
0 0.622679 0.59624 0.0406115 0.0407702
0 0.826281 0.208976 0.0739985 0.0749252
0 0.791626 0.426053 0.0631487 0.0631546
0 0.966694 0.361413 0.0666128 0.0867221
0 0.496264 0.142926 0.0860111 0.0833206
0 0.882683 0.514373 0.0812035 0.0817916
0 0.752937 0.0932594 0.0579767 0.057539
0 0.223033 0.227565 0.0589373 0.060209
0 0.874136 0.577684 0.0320118 0.032606
0 0.971656 0.347832 0.0563858 0.0881213
0 0.656064 0.205764 0.0576548 0.0540003
0 0.845368 0.196444 0.0751425 0.0772017
0 0.301059 0.426331 0.0449061 0.0461168
0 0.970209 0.258258 0.0595062 0.0749042
0 0.441205 0.10619 0.0492448 0.0491816
0 0.165727 0.992548 0.0790645 0.0149045
0 0.741212 0.0934252 0.0587781 0.0579229
0 0.200723 0.333041 0.0501709 0.0481321
0 0.888015 0.577639 0.0322332 0.0321803
0 0.382032 0.319202 0.076381 0.0741935
0 0.0155619 0.485901 0.0310846 0.0734088
0 0.342209 0.157938 0.0504018 0.0497372
0 0.608739 0.598107 0.0413513 0.0416458
0 0.775585 0.428255 0.0629834 0.0643273
0 0.0441419 0.648349 0.0663511 0.0640451
0 0.952268 0.557248 0.0720097 0.0689779
0 0.759638 0.704366 0.0710669 0.0729449
0 0.86968 0.518675 0.0799645 0.0800795
0 0.814061 0.516742 0.0519638 0.0525041
0 0.785955 0.14932 0.0386465 0.0394972
0 0.42679 0.105595 0.0491835 0.0499766
0 0.80073 0.1498 0.0402422 0.0410999
0 0.807191 0.520812 0.0477916 0.050956
0 0.186683 0.334244 0.0442338 0.0437225
0 0.288839 0.424998 0.048632 0.0474719
0 0.250127 0.0887026 0.0493355 0.0499616
