0 0.956763 0.810055 0.0863564 0.106655
0 0.320712 0.892143 0.102876 0.102097
0 0.941724 0.487559 0.111501 0.113871
0 0.25496 0.649258 0.107446 0.109625
0 0.141204 0.859106 0.101015 0.101149
0 0.700602 0.669801 0.109935 0.108789
0 0.934699 0.178441 0.116316 0.115322
0 0.967437 0.354914 0.0651263 0.114307
0 0.630893 0.758185 0.0512396 0.0509023
0 0.469709 0.290366 0.0979155 0.100775
0 0.616848 0.75879 0.0520956 0.0511759
0 0.0333782 0.778693 0.0667564 0.0954053
0 0.434944 0.434748 0.0824098 0.0811386
0 0.604432 0.0867804 0.10473 0.103311
0 0.241432 0.77051 0.0865469 0.0870928
0 0.552491 0.757794 0.0744015 0.0749411
0 0.632856 0.561884 0.0960516 0.0976291
0 0.211115 0.605063 0.0789953 0.0770143
0 0.446673 0.816299 0.0963234 0.0963992
0 0.584987 0.47545 0.0665583 0.0660909
0 0.627373 0.892662 0.0774373 0.0780286
0 0.722879 0.366513 0.0953155 0.0954049
0 0.682288 0.796807 0.0873886 0.0863958
0 0.397752 0.489551 0.0752673 0.0754276
0 0.821213 0.240707 0.0895321 0.0903914
0 0.767689 0.981246 0.0710827 0.0372854
0 0.613596 0.892151 0.0776028 0.0782848
0 0.77892 0.548985 0.113493 0.11441
0 0.115155 0.238157 0.0877453 0.0885263
0 0.596117 0.27991 0.0931101 0.094282
0 0.745042 0.250927 0.0824995 0.0836871
0 0.710768 0.92343 0.102702 0.101898
0 0.670534 0.2007 0.0936074 0.0969871
0 0.861857 0.686195 0.0502235 0.0528908
0 0.566082 0.758384 0.0734904 0.073363
0 0.420191 0.434801 0.0813261 0.0817514
0 0.497672 0.974825 0.0658512 0.0498169
0 0.275667 0.227101 0.090895 0.0913174
0 0.738715 0.367821 0.0953451 0.0951745
0 0.689089 0.114534 0.091193 0.0918649
0 0.527899 0.553995 0.104316 0.104592
0 0.697193 0.797638 0.0864119 0.0860402
0 0.605953 0.814129 0.0404474 0.040271
0 0.75474 0.813451 0.0430841 0.0432179
0 0.800818 0.675972 0.0844515 0.083521
0 0.259594 0.2279 0.0906981 0.0895177
0 0.570836 0.475218 0.0669533 0.0667834
0 0.442106 0.0517731 0.0825661 0.0826089
0 0.14367 0.570189 0.0748361 0.0754321
0 0.34991 0.167424 0.0958083 0.0965283
0 0.336613 0.567876 0.0761578 0.0781474
0 0.805309 0.774378 0.0758875 0.076201
0 0.819432 0.774554 0.0750996 0.0757083
0 0.428132 0.0509689 0.0814354 0.0816648
0 0.481225 0.732042 0.040773 0.0407227
0 0.785929 0.675483 0.0838808 0.0829641
0 0.400127 0.706453 0.0594413 0.0593213
0 0.866385 0.0634958 0.0832962 0.0812532
0 0.483333 0.974775 0.0655256 0.0500158
0 0.863516 0.769922 0.070446 0.0700765
0 0.542688 0.668871 0.057168 0.0567523
0 0.416453 0.706237 0.0588306 0.0596417
0 0.383432 0.489667 0.0756105 0.0754162
0 0.597998 0.199115 0.061342 0.0607604
0 0.351924 0.568092 0.0786414 0.0783624
0 0.466479 0.732145 0.0414276 0.0404597
0 0.804575 0.432101 0.0732954 0.0734189
0 0.527523 0.668375 0.0581455 0.0568759
0 0.583065 0.199751 0.0595342 0.0597153
0 0.227014 0.947606 0.0603627 0.060775
0 0.846824 0.686496 0.0507526 0.0511472
0 0.204299 0.520385 0.0622913 0.0624526
0 0.521308 0.269087 0.0568464 0.0582424
0 0.864521 0.485153 0.0733913 0.0721231
0 0.740413 0.812508 0.0422824 0.0426132
0 0.130137 0.570455 0.076122 0.0757477
0 0.291629 0.354983 0.0560204 0.0562131
0 0.789899 0.431916 0.0725321 0.0717354
0 0.240614 0.947516 0.0595745 0.0601409
0 0.335601 0.0673368 0.0762828 0.0769571
0 0.730959 0.25003 0.0828031 0.0826004
0 0.189808 0.519851 0.0623529 0.0630154
0 0.60402 0.981513 0.114758 0.0369737
0 0.506746 0.268924 0.0587696 0.0584606
0 0.525984 0.183713 0.0797453 0.0789382
0 0.309624 0.736748 0.0506694 0.0518031
0 0.350479 0.0686408 0.077551 0.0762466
0 0.293737 0.496346 0.0401968 0.040486
0 0.263022 0.333299 0.067179 0.0667948
0 0.305259 0.355046 0.0557353 0.0547893
0 0.849761 0.485507 0.0733406 0.0719894
0 0.851575 0.0633872 0.0815622 0.0823424
0 0.59019 0.814638 0.0389743 0.0396801
0 0.754784 0.981177 0.0707047 0.0375824
0 0.159142 0.415189 0.0633676 0.0635731
0 0.886822 0.867687 0.0644089 0.0641973
0 0.278258 0.496095 0.0396349 0.0395309
0 0.151725 0.656833 0.062317 0.0615232
0 0.334465 0.455778 0.0493061 0.0502353
0 0.592033 0.986477 0.108112 0.0270468
0 0.901096 0.867764 0.0632061 0.0622915
0 0.296051 0.736788 0.0525357 0.0519853
0 0.847895 0.769992 0.0709339 0.0715916
0 0.138169 0.656783 0.06348 0.0610133
0 0.244784 0.863196 0.0496189 0.049866
0 0.381893 0.237184 0.0452804 0.0451295
0 0.279224 0.546332 0.0491293 0.0485198
0 0.212482 0.104628 0.0782944 0.078595
0 0.511604 0.183713 0.0789837 0.0784789
0 0.198827 0.105171 0.0766956 0.07698
0 0.318732 0.455697 0.04791 0.0486788
0 0.267129 0.545911 0.048012 0.0482477
0 0.232082 0.863351 0.0493946 0.0496663
0 0.0941283 0.560412 0.0385241 0.0386068
0 0.173368 0.416036 0.0640918 0.0624531
0 0.0452202 0.482006 0.040661 0.0396896
0 0.367491 0.237751 0.0445478 0.0447465
0 0.0594773 0.482505 0.0389368 0.039055
0 0.0808781 0.560232 0.0387147 0.0389318
0 0.2823 0.108091 0.0540782 0.0540954
0 0.789576 0.0420196 0.108836 0.0840392
0 0.454893 0.294598 0.0942772 0.0953456
0 0.106574 0.195196 0.0763607 0.0738644
0 0.267167 0.107721 0.0539377 0.0532679
0 0.941969 0.909584 0.0503387 0.0517494
0 0.22511 0.7707 0.0877108 0.085264
0 0.0172198 0.488524 0.0344396 0.0636959
0 0.0924961 0.197158 0.0779334 0.0788271
0 0.953333 0.909572 0.0500038 0.0520828
0 0.115351 0.0841705 0.0690453 0.0704275
0 0.134236 0.0836249 0.0544071 0.0587687
0 0.0195946 0.42603 0.0391892 0.0912615
0 0.801332 0.0477414 0.104587 0.0954827
0 0.126392 0.0787221 0.0698375 0.0702394
0 0.361269 0.511402 0.0632029 0.0634574
0 0.100931 0.799135 0.0622854 0.0614535
