0 0.0367216 0.826471 0.0732148 0.108543
0 0.198688 0.516742 0.0849233 0.0847485
0 0.0670018 0.611077 0.0941834 0.0955883
0 0.233422 0.804533 0.102733 0.103285
0 0.783777 0.926082 0.0758724 0.0774323
0 0.042809 0.25693 0.0813777 0.0851702
0 0.341266 0.729619 0.105274 0.104496
0 0.848732 0.782307 0.0883741 0.0881119
0 0.363763 0.492132 0.087716 0.0882881
0 0.875509 0.979197 0.0935783 0.0412162
0 0.466445 0.874024 0.0855536 0.0858079
0 0.599115 0.375569 0.0849936 0.0852149
0 0.764693 0.753241 0.10674 0.107328
0 0.67498 0.664508 0.0872372 0.088253
0 0.659288 0.899004 0.0740767 0.0753568
0 0.382644 0.877659 0.086003 0.0858416
0 0.15541 0.838282 0.0846291 0.0838094
0 0.0978715 0.397745 0.0904798 0.0904426
0 0.65678 0.550511 0.0886965 0.0882815
0 0.481532 0.873202 0.0858313 0.0851208
0 0.397033 0.878694 0.0867893 0.086733
0 0.525492 0.794309 0.0546808 0.054877
0 0.63989 0.356733 0.0792368 0.078496
0 0.886044 0.895372 0.0888054 0.0889168
0 0.501044 0.633193 0.0738596 0.0744049
0 0.515182 0.633478 0.0756187 0.0759871
0 0.782176 0.39978 0.0461663 0.0451331
0 0.226988 0.652531 0.0906156 0.0907776
0 0.413924 0.700954 0.0826309 0.0830081
0 0.154031 0.73191 0.0842437 0.0827291
0 0.430488 0.957038 0.0854254 0.0794073
0 0.671744 0.55101 0.0893826 0.0902517
0 0.319668 0.932329 0.088506 0.088328
0 0.12251 0.602089 0.0753126 0.0709661
0 0.189687 0.913019 0.0674865 0.0673737
0 0.711088 0.413348 0.0843247 0.0843449
0 0.202705 0.912423 0.0670632 0.067954
0 0.511458 0.794821 0.0549743 0.0556127
0 0.59046 0.709587 0.0920556 0.0924758
0 0.602184 0.536232 0.0663933 0.0670672
0 0.414783 0.36173 0.0886151 0.0867064
0 0.446546 0.57918 0.061562 0.0603416
0 0.314945 0.620884 0.0761006 0.0744727
0 0.141136 0.83903 0.0835949 0.0826191
0 0.877055 0.351877 0.0677147 0.0695564
0 0.549734 0.463444 0.0631735 0.0637838
0 0.565185 0.462554 0.0631014 0.0634421
0 0.645477 0.898958 0.0748037 0.0756363
0 0.79582 0.399534 0.0447083 0.0446088
0 0.184456 0.32075 0.0958921 0.0947623
0 0.614319 0.536936 0.0651432 0.0664232
0 0.413677 0.553034 0.0743083 0.0748061
0 0.0844796 0.968516 0.0649038 0.0612892
0 0.460575 0.579957 0.059326 0.0593211
0 0.376857 0.982856 0.050761 0.0339592
0 0.16188 0.971179 0.0531979 0.0540588
0 0.183916 0.515908 0.0843812 0.0856043
0 0.492084 0.561849 0.0478062 0.0492818
0 0.103119 0.906755 0.0600966 0.0615242
0 0.398736 0.552778 0.0756443 0.0758483
0 0.0445937 0.45697 0.0805416 0.0805898
0 0.72482 0.627631 0.0726816 0.0725685
0 0.77918 0.611801 0.0813008 0.0840062
0 0.586879 0.659355 0.0767565 0.0764257
0 0.264673 0.705913 0.0564305 0.055912
0 0.745617 0.523516 0.0656734 0.0665866
0 0.147442 0.971595 0.0541464 0.0542746
0 0.350591 0.26106 0.0569932 0.0559628
0 0.269938 0.279632 0.0633745 0.0657255
0 0.0883802 0.906873 0.0605291 0.0606185
0 0.362715 0.98277 0.0505078 0.0342323
0 0.301454 0.620072 0.0748235 0.0744433
0 0.40858 0.0715374 0.058196 0.057607
0 0.471085 0.765582 0.0390799 0.040478
0 0.456763 0.765883 0.0391628 0.04002
0 0.254537 0.280918 0.0637632 0.0643244
0 0.451685 0.389063 0.0704704 0.0690432
0 0.882212 0.417862 0.0792774 0.0813122
0 0.464453 0.388645 0.0698205 0.0699621
0 0.836593 0.246057 0.0785116 0.0784091
0 0.0999057 0.765431 0.0663369 0.0665546
0 0.29817 0.184416 0.0652431 0.0654471
0 0.445015 0.956611 0.08563 0.0829531
0 0.73164 0.524807 0.0642678 0.0656353
0 0.830252 0.708556 0.0667234 0.0669671
0 0.710727 0.630082 0.0734763 0.0709557
0 0.210391 0.0857429 0.068375 0.0693565
0 0.162444 0.169535 0.0798467 0.0815235
0 0.225211 0.0854714 0.0701649 0.0698944
0 0.869311 0.419426 0.0785446 0.0787389
0 0.283716 0.184073 0.0661727 0.0656857
0 0.584868 0.377024 0.0840107 0.0854555
0 0.0708822 0.968265 0.0650995 0.0609715
0 0.350415 0.571114 0.0586798 0.059193
0 0.162035 0.577583 0.0494311 0.0488452
0 0.733585 0.890643 0.0653065 0.064785
0 0.63341 0.477693 0.0362642 0.0365258
0 0.574192 0.660914 0.0769752 0.0779386
0 0.70798 0.332881 0.0540774 0.0544947
0 0.864311 0.352396 0.0691214 0.071135
0 0.388484 0.66834 0.0589709 0.057998
0 0.3755 0.668044 0.0592578 0.0587985
0 0.890271 0.213755 0.0702921 0.0691758
0 0.620488 0.477763 0.0359158 0.0362721
0 0.0851094 0.764319 0.0679548 0.0671143
0 0.337024 0.261086 0.0545629 0.0524981
0 0.798184 0.635589 0.0500454 0.0506349
0 0.803028 0.48261 0.0388607 0.039063
0 0.250301 0.705461 0.0561531 0.0560107
0 0.915688 0.581565 0.0693386 0.0701318
0 0.508006 0.454055 0.0484514 0.0478498
0 0.231779 0.516787 0.0603383 0.0617385
0 0.0624044 0.116317 0.086205 0.0878372
0 0.626416 0.357903 0.0804639 0.0781019
0 0.81713 0.708618 0.0672457 0.0675941
0 0.478622 0.562791 0.0448252 0.0460416
0 0.746051 0.891385 0.065005 0.0672049
0 0.539014 0.329312 0.0589825 0.0578908
0 0.788756 0.482492 0.0390168 0.0386001
0 0.326119 0.27772 0.0696392 0.0691695
0 0.396185 0.0702745 0.0578977 0.057232
0 0.246209 0.517759 0.0580698 0.0602687
0 0.147242 0.167956 0.0800711 0.0807068
0 0.0568479 0.972703 0.0585467 0.0539299
0 0.290267 0.52367 0.0586328 0.0594401
0 0.148724 0.577582 0.0498531 0.0486272
0 0.227952 0.382768 0.0566428 0.0566147
0 0.823251 0.247995 0.0777063 0.0756685
0 0.695033 0.332526 0.0564211 0.0549773
0 0.526234 0.327947 0.0575326 0.0603279
0 0.74212 0.91803 0.0535359 0.052197
0 0.336715 0.569696 0.0570105 0.0581561
0 0.875231 0.213711 0.0721249 0.0697468
0 0.448029 0.47949 0.0543203 0.0561308
0 0.368903 0.0880631 0.0625752 0.0622988
0 0.82137 0.389681 0.0361252 0.0365602
0 0.729341 0.918739 0.0523601 0.0522608
0 0.0467859 0.116659 0.0883147 0.0880215
0 0.400968 0.364367 0.0862507 0.0851076
0 0.493844 0.451882 0.0473236 0.0476458
0 0.439487 0.258542 0.06073 0.0625829
0 0.834376 0.389497 0.0364517 0.0376071
0 0.453419 0.313325 0.0583475 0.0601943
0 0.508609 0.175832 0.0662676 0.0663592
0 0.474621 0.446033 0.0533478 0.0529487
0 0.469604 0.149574 0.0473264 0.0467473
0 0.452721 0.258485 0.0615458 0.0632104
0 0.777322 0.311889 0.0504866 0.0515261
0 0.835082 0.78588 0.0860558 0.0856677
0 0.892705 0.514476 0.0469086 0.0477843
0 0.762779 0.312838 0.0504787 0.0517138
0 0.435605 0.482158 0.054711 0.0562107
0 0.215121 0.383434 0.0567805 0.0581061
0 0.0164092 0.740425 0.0325022 0.0594823
0 0.295412 0.045041 0.0585253 0.0606329
0 0.901509 0.582335 0.0676592 0.0676567
0 0.0611774 0.766447 0.0542035 0.0578601
0 0.459776 0.448913 0.0538539 0.0514432
0 0.78049 0.206034 0.0529543 0.0524376
0 0.790932 0.607858 0.0772342 0.0793242
0 0.0479221 0.765302 0.0557776 0.0563927
0 0.504067 0.979328 0.113722 0.0413448
0 0.760725 0.15643 0.0664019 0.0671655
0 0.770568 0.158276 0.0581303 0.0610808
0 0.106952 0.197486 0.0518258 0.0538952
0 0.503611 0.9855 0.111158 0.0289997
0 0.0444307 0.974958 0.0630397 0.0500848
0 0.498755 0.989082 0.113996 0.0218358
0 0.574243 0.57932 0.0420868 0.0432905
0 0.35414 0.0874226 0.0606571 0.0615762
0 0.867963 0.602203 0.0435345 0.0437752
0 0.382637 0.989114 0.0756948 0.0217724
0 0.784983 0.634285 0.0531569 0.0528526
0 0.283574 0.044204 0.0668964 0.0638569
0 0.880278 0.514191 0.0470959 0.0472357
0 0.127141 0.354771 0.063853 0.0639285
0 0.438725 0.312236 0.0567226 0.0593925
0 0.455346 0.151243 0.0485105 0.0473532
0 0.277836 0.524719 0.0622923 0.0590497
0 0.0412635 0.675886 0.0434115 0.043719
0 0.260784 0.353987 0.0692582 0.0703414
0 0.766908 0.206832 0.0528607 0.0530012
0 0.275814 0.268808 0.0571474 0.0556232
0 0.0695845 0.767329 0.0605468 0.061941
0 0.236745 0.191012 0.0581006 0.0563205
0 0.288636 0.266993 0.0533754 0.0553933
0 0.222354 0.192573 0.0580184 0.0563125
0 0.852119 0.605343 0.04366 0.0437645
0 0.0100178 0.738858 0.0200307 0.0587261
0 0.559651 0.579265 0.0418789 0.0434125
0 0.497937 0.972714 0.111237 0.0545717
0 0.637667 0.221632 0.0720858 0.0718193
0 0.0263369 0.67614 0.0442198 0.0437111
