0 0.222329 0.796174 0.147088 0.147798
0 0.915795 0.633336 0.134965 0.133353
0 0.0773939 0.555035 0.140233 0.138852
0 0.935365 0.898075 0.128976 0.13296
0 0.696649 0.764226 0.147126 0.148669
0 0.132143 0.418103 0.10545 0.104789
0 0.921569 0.437012 0.126218 0.123035
0 0.806961 0.379148 0.120338 0.119716
0 0.954872 0.131748 0.0902557 0.121823
0 0.076577 0.302677 0.109222 0.11218
0 0.709385 0.448 0.131533 0.13083
0 0.615697 0.917329 0.123163 0.125504
0 0.46323 0.759045 0.099849 0.100512
0 0.233171 0.42708 0.121758 0.120017
0 0.690529 0.332978 0.0971167 0.0951742
0 0.384106 0.865955 0.133775 0.135215
0 0.862383 0.246557 0.0983013 0.0964057
0 0.831665 0.0647311 0.124263 0.12008
0 0.78961 0.686269 0.102663 0.106759
0 0.171459 0.683601 0.105759 0.105098
0 0.181386 0.0996824 0.114661 0.113599
0 0.80081 0.543116 0.106408 0.108314
0 0.763188 0.290124 0.102261 0.103598
0 0.618007 0.199035 0.0985753 0.100588
0 0.298777 0.338977 0.100077 0.100418
0 0.0518423 0.741248 0.0835963 0.0836543
0 0.503406 0.949154 0.117052 0.101691
0 0.154473 0.533618 0.0951291 0.0949179
0 0.831472 0.906436 0.0940396 0.0922694
0 0.0468781 0.115291 0.0937561 0.117969
0 0.875628 0.768148 0.0913162 0.0918433
0 0.580251 0.778621 0.0794615 0.0798388
0 0.0267746 0.964823 0.0535493 0.0692238
0 0.401018 0.656144 0.08667 0.0867673
0 0.598607 0.57331 0.0927111 0.0942375
0 0.355621 0.418461 0.0671443 0.0678065
0 0.506725 0.342064 0.0682659 0.068962
0 0.6048 0.679331 0.0727372 0.0724934
0 0.426097 0.481054 0.105356 0.10359
0 0.455691 0.554138 0.0914207 0.0903832
0 0.728926 0.973361 0.128225 0.0532781
0 0.268033 0.653288 0.0796143 0.0798265
0 0.534475 0.61957 0.0754025 0.076501
0 0.521657 0.516182 0.0853996 0.0843609
0 0.58166 0.488082 0.0513393 0.0507296
0 0.554446 0.413613 0.0678771 0.0678575
0 0.62518 0.343411 0.0846759 0.0844999
0 0.386983 0.581947 0.0764508 0.0768965
0 0.379819 0.318715 0.0829392 0.0833384
0 0.541025 0.413716 0.067767 0.0685329
0 0.308298 0.491097 0.0655779 0.0650022
0 0.5947 0.487805 0.0515902 0.0506448
0 0.591332 0.679477 0.0711456 0.0731519
0 0.540749 0.702429 0.0564507 0.056181
0 0.214171 0.251624 0.102836 0.102208
0 0.568973 0.275218 0.092155 0.0934478
0 0.566917 0.779875 0.0798589 0.079125
0 0.341353 0.417849 0.0690118 0.0685571
0 0.47548 0.648048 0.0603529 0.0599335
0 0.521499 0.619722 0.0766441 0.0751851
0 0.526628 0.70385 0.0569213 0.0561668
0 0.393955 0.320142 0.082445 0.0829589
0 0.0503246 0.97943 0.0994201 0.0411404
0 0.493796 0.342415 0.0691124 0.0695421
0 0.483349 0.434797 0.0540337 0.0539782
0 0.775739 0.557521 0.0885927 0.0875313
0 0.0552788 0.969426 0.107261 0.0607356
0 0.666448 0.63952 0.0498873 0.0485647
0 0.313899 0.592367 0.0540984 0.0545064
0 0.3277 0.592616 0.0528725 0.0523867
0 0.361986 0.224276 0.0819988 0.0826351
0 0.462498 0.648552 0.0601818 0.0605858
0 0.294758 0.907912 0.0707242 0.0718323
0 0.497167 0.43422 0.0551065 0.0553462
0 0.744286 0.880747 0.0732523 0.0736219
0 0.0343441 0.972735 0.0686882 0.0545292
0 0.322464 0.491475 0.0652877 0.0650758
0 0.282149 0.65314 0.0796009 0.0802423
0 0.341849 0.669838 0.0715719 0.0715844
0 0.372472 0.582074 0.0740773 0.0754612
0 0.653951 0.640369 0.0495062 0.0484885
0 0.354438 0.668701 0.0717919 0.0731604
0 0.88375 0.305701 0.0986637 0.093914
0 0.347743 0.223302 0.0810767 0.0815783
0 0.669952 0.590844 0.0510525 0.0497645
0 0.683308 0.59033 0.0514864 0.0512777
0 0.322922 0.751015 0.0632263 0.0618942
0 0.758125 0.8819 0.0735033 0.0719175
0 0.433401 0.256935 0.0607369 0.060743
0 0.507771 0.200016 0.0624614 0.0614443
0 0.446846 0.256347 0.0602882 0.0603478
0 0.705786 0.0677882 0.084291 0.0860974
0 0.281531 0.908485 0.0710695 0.0718595
0 0.946655 0.545548 0.0554104 0.0565236
0 0.933416 0.545277 0.0558142 0.0564573
0 0.523159 0.19945 0.0617669 0.0626839
0 0.265578 0.146457 0.0724626 0.0723578
0 0.4586 0.034448 0.107144 0.068896
0 0.324644 0.0139492 0.0729584 0.027829
0 0.719889 0.0647205 0.0866377 0.0855894
0 0.404144 0.729763 0.0651711 0.0658143
0 0.96265 0.971301 0.0735786 0.0573972
0 0.0619811 0.984356 0.111833 0.0312729
0 0.0356457 0.960923 0.0704868 0.0770429
0 0.309163 0.751235 0.0617752 0.061601
0 0.740318 0.977731 0.111458 0.0440272
0 0.505557 0.288222 0.0738875 0.0725468
0 0.33698 0.0179319 0.0719914 0.0358638
0 0.693299 0.240361 0.0604567 0.0632477
0 0.251735 0.14602 0.072269 0.071941
0 0.445972 0.132396 0.0780979 0.0784575
0 0.390899 0.72933 0.065228 0.065951
0 0.0260703 0.842313 0.0521405 0.0940971
0 0.476202 0.0368327 0.0952034 0.0736654
0 0.14078 0.812854 0.0891079 0.0910554
0 0.566284 0.203274 0.0536967 0.0547131
0 0.431177 0.133587 0.0787619 0.0782926
0 0.396469 0.985937 0.109143 0.0281263
0 0.400893 0.980498 0.118396 0.0390035
0 0.977217 0.301351 0.0455663 0.095779
0 0.977238 0.966007 0.0449892 0.065534
0 0.959059 0.755341 0.0818826 0.121818
0 0.630659 0.192621 0.0965086 0.0963066
0 0.134461 0.296256 0.056608 0.0573657
0 0.624499 0.0261826 0.107407 0.0523652
0 0.679885 0.242328 0.060199 0.0609368
0 0.148674 0.297002 0.057849 0.0578659
0 0.195814 0.474524 0.0657301 0.0631819
0 0.0389629 0.0274792 0.0762567 0.0549205
0 0.956038 0.977683 0.0844662 0.0443047
0 0.0234025 0.388232 0.046805 0.0921942
0 0.38628 0.988807 0.0978388 0.0223868
0 0.0263145 0.666183 0.0520542 0.070377
0 0.699469 0.984283 0.118632 0.031435
0 0.421578 0.984398 0.12129 0.031204
0 0.610765 0.0296292 0.116174 0.0592584
0 0.42355 0.979255 0.130563 0.0414904
0 0.37684 0.981174 0.113621 0.0376516
0 0.552429 0.20148 0.0537806 0.0562546
0 0.694629 0.0266854 0.113047 0.0533575
0 0.44894 0.985068 0.116535 0.0298637
0 0.596313 0.987503 0.100446 0.0249937
0 0.72229 0.02065 0.106785 0.0413
0 0.456317 0.979197 0.126622 0.0411191
0 0.0299467 0.0339293 0.0597612 0.0674295
0 0.950028 0.967971 0.0973595 0.0639104
0 0.681714 0.98613 0.106424 0.0277409
0 0.597687 0.980665 0.119019 0.0386709
0 0.700606 0.0195037 0.102008 0.0390073
0 0.606815 0.0208651 0.115842 0.0417302
0 0.928515 0.982535 0.11624 0.0347012
0 0.847974 0.983001 0.116445 0.0337837
0 0.477587 0.0264572 0.0969332 0.0529144
0 0.96646 0.0246297 0.0659403 0.0492594
0 0.765065 0.984242 0.109833 0.0311986
0 0.35217 0.979711 0.117269 0.0405783
0 0.362259 0.986553 0.092171 0.0268944
0 0.55783 0.0185503 0.0921612 0.037019
0 0.288761 0.978426 0.125942 0.0431477
0 0.0180337 0.834325 0.0360674 0.0996857
0 0.686424 0.0124328 0.0851916 0.0248656
0 0.643842 0.979993 0.122833 0.0398703
