0 0.534462 0.760212 0.19516 0.195677
0 0.696184 0.852204 0.190024 0.190468
0 0.209111 0.675184 0.166494 0.167661
0 0.830742 0.747993 0.129824 0.129502
0 0.715391 0.701874 0.148954 0.147672
0 0.524527 0.955322 0.166084 0.0893552
0 0.329808 0.517295 0.1455 0.146175
0 0.369673 0.433218 0.149199 0.14623
0 0.875031 0.234431 0.127544 0.129405
0 0.85905 0.951624 0.181709 0.0967209
0 0.895736 0.446248 0.120741 0.120864
0 0.535147 0.426203 0.122269 0.119716
0 0.0854069 0.337119 0.109388 0.109317
0 0.461994 0.72886 0.158435 0.151089
0 0.0747749 0.532591 0.14468 0.15425
0 0.413579 0.921862 0.126208 0.125631
0 0.705273 0.434499 0.120227 0.123715
0 0.180637 0.332493 0.132948 0.136165
0 0.559702 0.233928 0.125265 0.12712
0 0.229919 0.808105 0.125252 0.122815
0 0.0429429 0.962408 0.0850333 0.0747383
0 0.955031 0.965415 0.088723 0.0691706
0 0.789436 0.387281 0.106479 0.10712
0 0.964814 0.959265 0.0697279 0.0807009
0 0.942382 0.95161 0.114268 0.09678
0 0.192721 0.393837 0.13743 0.13701
0 0.502893 0.620671 0.115299 0.112393
0 0.951831 0.541968 0.0962608 0.131255
0 0.303389 0.830845 0.0681065 0.0693593
0 0.317023 0.829678 0.0686426 0.0697787
0 0.0928415 0.770897 0.126448 0.129148
0 0.944908 0.357596 0.100954 0.100871
0 0.0461761 0.947592 0.0923523 0.104815
0 0.0502126 0.973006 0.100425 0.0537663
0 0.113027 0.17591 0.0892522 0.0891963
0 0.941459 0.973378 0.110096 0.0532433
0 0.771611 0.907979 0.107961 0.112976
0 0.932519 0.74737 0.0994068 0.100988
0 0.378093 0.154357 0.100124 0.100212
0 0.858538 0.965685 0.185668 0.0686302
0 0.919856 0.936643 0.157652 0.126714
0 0.944675 0.56414 0.110344 0.141424
0 0.874358 0.644584 0.0900578 0.091571
0 0.149773 0.067081 0.0803968 0.0837366
0 0.937581 0.96419 0.124838 0.0716204
0 0.782547 0.59189 0.123394 0.122847
0 0.726805 0.220052 0.103988 0.108362
0 0.0984937 0.174897 0.0866355 0.0863172
0 0.728002 0.235588 0.121229 0.124472
0 0.0558766 0.936407 0.110571 0.127123
0 0.959144 0.944637 0.0817129 0.110725
0 0.46086 0.16817 0.093972 0.0941255
0 0.0657756 0.44156 0.118889 0.122474
0 0.133069 0.985786 0.132521 0.0281891
0 0.0705599 0.953038 0.14112 0.0933893
0 0.0618983 0.977814 0.123797 0.0443464
0 0.511965 0.106032 0.0562302 0.0561887
0 0.462413 0.250507 0.0973948 0.100229
0 0.213424 0.168928 0.0751603 0.074984
0 0.651061 0.316681 0.0716524 0.0711863
0 0.513894 0.967112 0.189573 0.0657768
0 0.636311 0.317224 0.0719805 0.0728066
0 0.616733 0.470614 0.0938787 0.094673
0 0.209677 0.0196839 0.0739376 0.0393678
0 0.135551 0.0624082 0.0805168 0.0866297
0 0.199876 0.168408 0.0749809 0.0736883
0 0.716646 0.229986 0.100748 0.0995014
0 0.904809 0.854688 0.123938 0.116274
0 0.0945194 0.934693 0.189039 0.130615
0 0.90374 0.961544 0.19252 0.0769113
0 0.0330952 0.0365588 0.0656556 0.0724287
0 0.497707 0.106484 0.0598459 0.0587705
