0 0.0338507 0.718657 0.0673247 0.0922775
0 0.718932 0.728233 0.0846584 0.0833687
0 0.762401 0.963205 0.0790293 0.0735902
0 0.172791 0.451072 0.0734136 0.0741624
0 0.473924 0.448555 0.0831431 0.08386
0 0.438743 0.616045 0.07926 0.0795581
0 0.452744 0.616848 0.0792828 0.0798939
0 0.207382 0.383576 0.0790545 0.0799698
0 0.317892 0.718827 0.0755169 0.076812
0 0.376127 0.97461 0.0775452 0.0505557
0 0.430014 0.346422 0.0687619 0.0699203
0 0.761656 0.471025 0.0690443 0.0689603
0 0.21093 0.889571 0.0877722 0.0886922
0 0.602682 0.128926 0.0581312 0.0583926
0 0.395583 0.710945 0.0851752 0.0854045
0 0.575036 0.838713 0.0876709 0.0887016
0 0.255798 0.688736 0.0556719 0.0563581
0 0.197575 0.776592 0.089576 0.0897076
0 0.370112 0.597763 0.0541233 0.0547296
0 0.362444 0.975222 0.0791321 0.0495555
0 0.5149 0.819415 0.0393866 0.0379013
0 0.0983395 0.496227 0.0876764 0.0886748
0 0.383692 0.597641 0.054618 0.0532374
0 0.61391 0.698041 0.0765594 0.0778315
0 0.306616 0.905585 0.0924357 0.0923393
0 0.393459 0.885322 0.0862023 0.0861796
0 0.736736 0.574307 0.0734562 0.0745881
0 0.360382 0.800238 0.0552951 0.0560331
0 0.212461 0.139016 0.0727389 0.0723386
0 0.491393 0.928434 0.0855699 0.0829188
0 0.592106 0.441564 0.0490364 0.0494371
0 0.411593 0.451848 0.0691245 0.0701394
0 0.425607 0.555821 0.0737376 0.073642
0 0.197062 0.644741 0.0732895 0.0734413
0 0.286407 0.813299 0.0622095 0.0612798
0 0.279734 0.415601 0.0672272 0.069046
0 0.565155 0.558882 0.0600725 0.0612707
0 0.305906 0.990355 0.0768439 0.0192899
0 0.481818 0.719593 0.0893042 0.0881729
0 0.627534 0.699372 0.0764256 0.0792597
0 0.158959 0.528735 0.0780145 0.0787515
0 0.498265 0.252095 0.0704798 0.0734283
0 0.269393 0.688753 0.0557575 0.0555129
0 0.303812 0.718845 0.073743 0.0766803
0 0.859775 0.476267 0.0733519 0.0729535
0 0.344369 0.167024 0.0741969 0.0742995
0 0.266627 0.416051 0.0675068 0.0683273
0 0.548835 0.491492 0.0563642 0.0565519
0 0.609485 0.950397 0.0791294 0.0822398
0 0.374475 0.800268 0.0557264 0.0558957
0 0.461425 0.827523 0.0643671 0.0641195
0 0.527232 0.685345 0.0783459 0.0784041
0 0.547902 0.753389 0.0594589 0.0579745
0 0.439333 0.556137 0.0765135 0.0763632
0 0.743793 0.387792 0.0722273 0.0726271
0 0.525071 0.150161 0.0699711 0.0713226
0 0.0978292 0.72387 0.0746674 0.075897
0 0.397409 0.452241 0.0693799 0.069278
0 0.221322 0.383453 0.0774509 0.0789448
0 0.732252 0.634237 0.0778671 0.0801971
0 0.542833 0.684586 0.0781135 0.0814435
0 0.510999 0.576835 0.0657566 0.0664678
0 0.123265 0.359307 0.0912733 0.0919043
0 0.33134 0.54148 0.0607249 0.0611415
0 0.276203 0.606462 0.0629825 0.062447
0 0.183606 0.644483 0.0729312 0.0726176
0 0.409995 0.796799 0.0450504 0.0456861
0 0.0755831 0.595087 0.0678017 0.0676697
0 0.357878 0.167432 0.0742257 0.0733683
0 0.618332 0.621597 0.0398415 0.0403103
0 0.444058 0.346729 0.0699108 0.0714382
0 0.29057 0.606183 0.0631106 0.0619916
0 0.341953 0.468935 0.0767216 0.0778936
0 0.58884 0.129812 0.0591917 0.0593512
0 0.423966 0.79735 0.0456015 0.0462077
0 0.48332 0.37627 0.0744051 0.0730031
0 0.936298 0.629449 0.0750813 0.0748903
0 0.106385 0.826412 0.066629 0.0673489
0 0.605723 0.54358 0.0581763 0.059375
0 0.639147 0.423926 0.0443082 0.0436869
0 0.371615 0.501103 0.0441175 0.0445719
0 0.386068 0.501513 0.044684 0.0446694
0 0.368528 0.0534051 0.0761231 0.07509
0 0.272646 0.813728 0.0628767 0.0625828
0 0.272797 0.245287 0.0653544 0.0657825
0 0.668461 0.283708 0.06637 0.0670347
0 0.032954 0.515481 0.0647462 0.0647399
0 0.111754 0.724311 0.0746318 0.075073
0 0.378556 0.357799 0.0677251 0.0674918
0 0.55183 0.560411 0.0602682 0.0604108
0 0.364719 0.357758 0.0670081 0.0676704
0 0.176225 0.317531 0.0735998 0.0747634
0 0.662441 0.122473 0.0711817 0.0709891
0 0.850839 0.841255 0.0636126 0.0634069
0 0.347178 0.650658 0.0635862 0.0624963
0 0.497266 0.578465 0.0656811 0.0659279
0 0.333539 0.650488 0.063687 0.0625345
0 0.135023 0.178983 0.0779943 0.0770381
0 0.091678 0.826154 0.0678469 0.0671234
0 0.647608 0.122028 0.0710529 0.0716761
0 0.510833 0.150173 0.0688061 0.0701262
0 0.25078 0.522449 0.0602306 0.0600369
0 0.606191 0.442149 0.0483747 0.048468
0 0.731133 0.387487 0.0728793 0.0731365
0 0.286437 0.245728 0.0656083 0.0669053
0 0.328022 0.468596 0.0774383 0.0778876
0 0.446381 0.24684 0.0787382 0.0782208
0 0.497709 0.376603 0.074766 0.0738723
0 0.0620537 0.594393 0.0684474 0.0674803
0 0.381814 0.0528541 0.0758815 0.0766702
0 0.547477 0.411084 0.068242 0.0696568
0 0.62595 0.271133 0.062537 0.0629488
0 0.512597 0.252839 0.0713354 0.0711071
0 0.190279 0.317761 0.0756844 0.0757406
0 0.198629 0.137547 0.0714351 0.0714127
0 0.23676 0.522339 0.0599353 0.0597327
0 0.619597 0.544696 0.0587349 0.0581988
0 0.474109 0.828688 0.0633234 0.0633873
0 0.493433 0.0449536 0.0696707 0.0702954
0 0.827862 0.927581 0.075985 0.0743081
0 0.711699 0.829456 0.0519304 0.0523939
0 0.145658 0.926414 0.0550205 0.0523421
0 0.565789 0.194678 0.0647577 0.0649318
0 0.613224 0.271717 0.0634724 0.0648019
0 0.0201995 0.567879 0.0399776 0.0539033
0 0.0458083 0.515362 0.0673131 0.0648036
0 0.535203 0.492092 0.0558101 0.0555515
0 0.656384 0.28356 0.0684092 0.0696913
0 0.24117 0.595329 0.0580711 0.0584249
0 0.631442 0.621731 0.0398152 0.0405665
0 0.418227 0.976871 0.0413259 0.0426348
0 0.560064 0.411983 0.0684419 0.0689517
0 0.532636 0.75373 0.0589698 0.0583618
0 0.226771 0.595159 0.0578644 0.0591741
0 0.317449 0.541689 0.0599062 0.0588086
0 0.47907 0.0447479 0.069319 0.0706489
0 0.748676 0.471891 0.068687 0.0685164
0 0.534935 0.925299 0.050485 0.0535528
0 0.221066 0.248129 0.0607208 0.0596524
0 0.661402 0.470772 0.0655268 0.0657084
0 0.79009 0.866545 0.0730001 0.072538
0 0.965864 0.712893 0.0628399 0.0638618
0 0.705317 0.467366 0.0448833 0.0448036
0 0.125576 0.634539 0.0708755 0.0706924
0 0.295067 0.991483 0.0759268 0.0170336
0 0.595381 0.0213178 0.0577902 0.0423471
0 0.698021 0.82913 0.053678 0.0520737
0 0.0403927 0.408081 0.0617906 0.0593318
0 0.207778 0.247676 0.0615271 0.0596403
0 0.500958 0.817817 0.0391394 0.0375059
0 0.120406 0.179703 0.0758617 0.0763454
0 0.433557 0.243492 0.0812187 0.0816512
0 0.776488 0.866762 0.0740314 0.0744049
0 0.432397 0.976795 0.0423086 0.0420837
0 0.138085 0.635261 0.0696448 0.0714689
0 0.150983 0.862518 0.0586212 0.0572299
0 0.259343 0.970264 0.0507229 0.0521851
0 0.548433 0.925758 0.0506919 0.0518489
0 0.283154 0.0670284 0.0629314 0.0638101
0 0.799992 0.62903 0.0710283 0.0715342
0 0.130358 0.926816 0.0538584 0.0523758
0 0.506082 0.530114 0.0450678 0.0435866
0 0.159738 0.451014 0.0729492 0.0740115
0 0.165716 0.861809 0.0576359 0.0573077
0 0.812398 0.629495 0.0682537 0.0708873
0 0.0169653 0.634478 0.0338251 0.0486582
0 0.319202 0.797649 0.0319542 0.0308469
0 0.626992 0.422989 0.0415718 0.0414097
0 0.140328 0.0349075 0.0805541 0.0697179
0 0.298544 0.0670422 0.0631711 0.0646235
0 0.649343 0.471025 0.0668398 0.0662664
0 0.582054 0.0209321 0.0582312 0.0418641
0 0.862231 0.840883 0.0627523 0.0632589
0 0.692643 0.467282 0.0435453 0.0445976
0 0.0683303 0.896252 0.0417358 0.0414701
0 0.249743 0.318798 0.048287 0.0494619
0 0.630564 0.857802 0.0566102 0.0562105
0 0.235534 0.318711 0.0475047 0.0496582
0 0.941662 0.459292 0.0612656 0.0619508
0 0.0551864 0.407452 0.0592009 0.0593842
0 0.699457 0.558549 0.0504724 0.0515559
0 0.954741 0.714167 0.0620985 0.0618825
0 0.553062 0.195191 0.0633086 0.064028
0 0.588943 0.323293 0.0517599 0.0544242
0 0.334041 0.334965 0.040486 0.0398462
0 0.331834 0.796502 0.0300375 0.0324112
0 0.87707 0.420617 0.0632923 0.062434
0 0.646425 0.80257 0.0553078 0.0550864
0 0.101694 0.989969 0.0739832 0.0200629
0 0.687376 0.558692 0.0493328 0.0507111
0 0.674195 0.358694 0.033659 0.0330231
0 0.641687 0.857795 0.0572311 0.0558525
0 0.660114 0.606782 0.0343886 0.0361249
0 0.765873 0.12983 0.0443892 0.0437809
0 0.687701 0.359188 0.034897 0.033205
0 0.492674 0.530151 0.0456278 0.0442183
0 0.0225565 0.197387 0.0449374 0.080492
0 0.646919 0.605927 0.032472 0.0341871
0 0.414951 0.0983615 0.0617874 0.061113
0 0.281281 0.20331 0.0609992 0.065699
0 0.897374 0.71947 0.0348106 0.0342129
0 0.805756 0.408626 0.0449322 0.044585
0 0.0915265 0.99094 0.0759057 0.0181198
0 0.430073 0.0985795 0.0613638 0.0607364
0 0.892131 0.78754 0.0597452 0.0590146
0 0.928979 0.460122 0.0619988 0.0619274
0 0.819462 0.408919 0.0441605 0.0439234
0 0.636375 0.80236 0.0553156 0.0551254
0 0.0897092 0.215518 0.063166 0.0636592
0 0.83895 0.566781 0.0490326 0.0499451
0 0.396218 0.168184 0.0519816 0.0526495
0 0.408798 0.168793 0.0530819 0.0537074
0 0.0660661 0.857706 0.0344431 0.0328196
0 0.0574523 0.896468 0.0406757 0.0414116
0 0.320331 0.335596 0.0406533 0.0417042
0 0.815168 0.281335 0.0613214 0.0618972
0 0.663595 0.539104 0.0397795 0.0386239
0 0.735379 0.787155 0.0531498 0.0534069
0 0.622352 0.948505 0.0788134 0.0797279
0 0.829083 0.280889 0.0592606 0.0596114
0 0.882036 0.787801 0.0640717 0.0627314
0 0.865071 0.420879 0.0611912 0.060518
0 0.68954 0.415569 0.0363153 0.0363392
0 0.143583 0.126018 0.0657191 0.0659699
0 0.575366 0.322516 0.0514925 0.0519002
0 0.329072 0.41347 0.0330662 0.0347215
0 0.834372 0.780767 0.034119 0.0332685
0 0.0105478 0.634256 0.0210956 0.0482666
0 0.907482 0.719147 0.035313 0.0339704
0 0.821174 0.780825 0.0331747 0.0330423
0 0.267943 0.2039 0.0598567 0.0642978
0 0.376679 0.287989 0.0590679 0.0593898
0 0.747892 0.788532 0.0533253 0.0525192
0 0.362913 0.288415 0.0581366 0.0594903
0 0.315142 0.412143 0.0335885 0.0336119
0 0.751973 0.129605 0.0459072 0.0451724
0 0.558126 0.27532 0.0364679 0.037787
0 0.129403 0.124906 0.0669289 0.0658598
0 0.827007 0.567331 0.0503386 0.0500127
0 0.245712 0.969444 0.0484747 0.049838
0 0.684156 0.230138 0.0626921 0.0632292
0 0.697349 0.230797 0.0617304 0.0649909
0 0.394875 0.646339 0.0302288 0.0308723
0 0.0221594 0.135202 0.0431817 0.048912
0 0.580048 0.992138 0.0766003 0.0157243
0 0.731459 0.0360527 0.0642433 0.0650825
0 0.0783387 0.103432 0.0639696 0.0657991
0 0.722862 0.57224 0.0763625 0.074732
0 0.650482 0.53869 0.0391699 0.0400571
0 0.381451 0.646536 0.0303959 0.0304218
0 0.0163042 0.198548 0.0325777 0.0778806
0 0.630738 0.343604 0.0432577 0.0432725
0 0.52961 0.103143 0.0634742 0.0636694
0 0.12648 0.0342396 0.0827634 0.0677008
0 0.145514 0.527977 0.0771551 0.0773134
0 0.77825 0.237575 0.0460037 0.0458089
0 0.335306 0.25339 0.0622434 0.0632979
0 0.556631 0.378645 0.0473415 0.0497261
0 0.716543 0.0361907 0.0652113 0.0650048
0 0.544665 0.274513 0.035548 0.0362796
0 0.0752318 0.215204 0.0617323 0.0628115
0 0.0635196 0.102735 0.0638616 0.0656639
0 0.721819 0.307414 0.0444885 0.0464303
0 0.64896 0.0417282 0.0497841 0.051327
0 0.708664 0.306531 0.045785 0.0456543
0 0.567308 0.991136 0.0871886 0.0177289
0 0.291941 0.988893 0.0766885 0.0222135
0 0.544899 0.0980969 0.0608097 0.0595049
0 0.323169 0.252151 0.0613585 0.0634714
0 0.033183 0.13447 0.0503325 0.0503225
0 0.607164 0.766251 0.0364114 0.0360503
0 0.616664 0.344033 0.0442396 0.0430352
0 0.634552 0.0399318 0.0539734 0.0570699
0 0.111963 0.288791 0.0492867 0.0499736
0 0.747031 0.12166 0.0520822 0.0534094
0 0.489643 0.449225 0.0809258 0.0841462
0 0.677113 0.414438 0.0365837 0.0366992
0 0.798027 0.164317 0.0428313 0.045223
0 0.561506 0.988064 0.0839914 0.0238727
0 0.474402 0.138661 0.0627609 0.0667643
0 0.766725 0.237043 0.0453526 0.0453284
0 0.854366 0.686734 0.0460119 0.0451141
0 0.55077 0.986381 0.0776855 0.0272372
0 0.621962 0.766218 0.0369112 0.0369905
0 0.733526 0.121152 0.0502074 0.0526146
0 0.0519886 0.858394 0.0343896 0.0348778
0 0.844334 0.68646 0.0465281 0.0451291
0 0.30046 0.5405 0.0393402 0.0442588
0 0.0986883 0.289021 0.0485397 0.0480543
0 0.244282 0.0567591 0.0390609 0.0398871
0 0.785943 0.163796 0.0446812 0.0454875
0 0.738804 0.22434 0.0308105 0.0296642
0 0.0623033 0.31476 0.0392234 0.039377
0 0.849025 0.345188 0.0371616 0.0390467
0 0.724411 0.225186 0.0297873 0.030888
0 0.934807 0.547359 0.0346302 0.0373762
0 0.305229 0.0357757 0.0503767 0.0474185
0 0.992062 0.77722 0.015877 0.050383
0 0.75959 0.128612 0.04603 0.0488448
0 0.467451 0.718731 0.0894631 0.091848
