0 0.0364807 0.363793 0.0727917 0.0978064
0 0.0497196 0.838713 0.0940861 0.101847
0 0.201028 0.634601 0.100222 0.0998154
0 0.115597 0.609878 0.0886048 0.0881416
0 0.0547683 0.70175 0.0953006 0.0965281
0 0.782693 0.789818 0.0862516 0.0905444
0 0.385131 0.732259 0.105723 0.107794
0 0.740136 0.186417 0.0983646 0.0970841
0 0.182717 0.840451 0.0842717 0.0856092
0 0.361385 0.478473 0.0924956 0.0931321
0 0.722571 0.724941 0.0985031 0.0990504
0 0.082026 0.95552 0.0820011 0.0806224
0 0.287654 0.835955 0.0919347 0.0912571
0 0.524694 0.601392 0.105258 0.106077
0 0.564445 0.272102 0.0801403 0.079277
0 0.915903 0.287133 0.0854042 0.0867019
0 0.530933 0.858115 0.0626631 0.0631947
0 0.556782 0.959159 0.102728 0.0816812
0 0.419024 0.634506 0.0479863 0.0467897
0 0.873377 0.736512 0.0840149 0.0840205
0 0.698327 0.611907 0.0776744 0.077452
0 0.637489 0.724127 0.0619257 0.0618071
0 0.719926 0.851944 0.0992985 0.0992409
0 0.477975 0.528294 0.0564352 0.0574364
0 0.842193 0.562961 0.0861373 0.0840557
0 0.970803 0.18316 0.0583937 0.0656755
0 0.403625 0.264826 0.0863316 0.0881907
0 0.876302 0.855911 0.0907612 0.0904963
0 0.0265493 0.156732 0.0530986 0.0943749
0 0.788063 0.674119 0.0883146 0.087854
0 0.18197 0.730065 0.0836542 0.0822581
0 0.456256 0.595108 0.0497644 0.0489311
0 0.376433 0.480334 0.0945762 0.0924369
0 0.471481 0.784027 0.0847485 0.0840068
0 0.657079 0.88011 0.0763302 0.0769277
0 0.51856 0.721605 0.0757328 0.0752632
0 0.858411 0.737296 0.0837046 0.0848712
0 0.397836 0.381731 0.0541013 0.0532473
0 0.466251 0.45662 0.0758561 0.0759131
0 0.404886 0.634498 0.0479045 0.0471011
0 0.69276 0.488058 0.0857903 0.0865502
0 0.860684 0.857042 0.0895733 0.0906866
0 0.158158 0.270312 0.0816654 0.0825744
0 0.45628 0.783711 0.0847271 0.0845553
0 0.599542 0.442067 0.0498917 0.0498965
0 0.799108 0.790812 0.0888004 0.0896275
0 0.388491 0.264871 0.0851553 0.0869329
0 0.107153 0.483848 0.058564 0.0583618
0 0.777045 0.558845 0.0818461 0.0809734
0 0.450217 0.340069 0.064593 0.0651525
0 0.372186 0.150799 0.0928957 0.0933608
0 0.556994 0.785104 0.0530958 0.0532355
0 0.688893 0.356833 0.0908176 0.0904045
0 0.215263 0.381315 0.0893561 0.0880742
0 0.488773 0.277114 0.0624092 0.0628731
0 0.480539 0.45662 0.0753532 0.0748867
0 0.684171 0.611773 0.07661 0.0789401
0 0.789262 0.2939 0.0793179 0.0775291
0 0.549963 0.272529 0.0804419 0.0798996
0 0.774786 0.293705 0.0793334 0.0774357
0 0.586235 0.734177 0.0580483 0.0576232
0 0.643268 0.879496 0.0775229 0.0774761
0 0.143391 0.270567 0.0807998 0.0820002
0 0.827327 0.56294 0.0857027 0.0833374
0 0.88343 0.156328 0.087195 0.0882782
0 0.55652 0.408768 0.0735708 0.0725269
0 0.382958 0.381747 0.0530262 0.0525991
0 0.422998 0.908528 0.0909464 0.0913333
0 0.0932456 0.483792 0.0580438 0.0581834
0 0.779418 0.418719 0.0547241 0.0530127
0 0.531756 0.720697 0.0755026 0.0756711
0 0.285137 0.674707 0.0809518 0.0814433
0 0.895413 0.646561 0.0580755 0.0591749
0 0.866914 0.320705 0.0663284 0.0672917
0 0.0845651 0.585483 0.0704821 0.0677859
0 0.515151 0.8584 0.0638411 0.0633568
0 0.272281 0.0566172 0.0836394 0.08526
0 0.411099 0.565172 0.0623692 0.0621469
0 0.281908 0.382366 0.061955 0.0612982
0 0.262372 0.238871 0.066331 0.0674826
0 0.441465 0.595139 0.0489208 0.0489731
0 0.356238 0.15155 0.0913795 0.0932719
0 0.542068 0.785372 0.0525072 0.0523159
0 0.539662 0.960168 0.105867 0.0796635
0 0.250154 0.428451 0.0597975 0.0609803
0 0.29654 0.381887 0.0619673 0.0625971
0 0.541833 0.409469 0.071744 0.072047
0 0.762766 0.558561 0.082451 0.080608
0 0.336572 0.906171 0.0565363 0.0560394
0 0.612641 0.657762 0.0613401 0.0607628
0 0.230781 0.38001 0.0880247 0.0870589
0 0.218125 0.106241 0.0514117 0.0517035
0 0.434906 0.339959 0.0644442 0.0639704
0 0.234141 0.427889 0.060356 0.0607004
0 0.25394 0.743343 0.0703417 0.0713193
0 0.351509 0.905626 0.0560718 0.0561765
0 0.407317 0.908844 0.0898663 0.089792
0 0.103608 0.314396 0.0755539 0.0757876
0 0.463099 0.529027 0.0571613 0.0564813
0 0.180855 0.523593 0.0726716 0.0730961
0 0.24807 0.237729 0.0654341 0.0663916
0 0.202588 0.106077 0.0510289 0.0515534
0 0.299603 0.675674 0.081533 0.0798032
0 0.881101 0.646524 0.0578556 0.0590731
0 0.256897 0.0562411 0.0840271 0.0858703
0 0.286056 0.57658 0.0675688 0.0676033
0 0.600784 0.733803 0.0582072 0.0566991
0 0.764915 0.418819 0.053849 0.0536457
0 0.789987 0.961606 0.0710958 0.0712779
0 0.669175 0.102379 0.0662111 0.0659904
0 0.773191 0.673173 0.0873709 0.0875772
0 0.239168 0.743395 0.0711736 0.0719643
0 0.365362 0.620197 0.0575375 0.0596219
0 0.344393 0.563751 0.0418203 0.0429309
0 0.271537 0.576174 0.0657891 0.0660662
0 0.855268 0.320139 0.0680019 0.0660848
0 0.474716 0.276709 0.0621771 0.0636148
0 0.584818 0.442349 0.0482186 0.049076
0 0.160748 0.127976 0.0598896 0.0595783
0 0.396515 0.565358 0.0626364 0.0632341
0 0.294492 0.76395 0.0568649 0.0555463
0 0.33807 0.361691 0.056677 0.0587364
0 0.598086 0.65759 0.0617254 0.0615392
0 0.62436 0.724554 0.0611053 0.062793
0 0.52707 0.497343 0.0454525 0.0465612
0 0.42214 0.511347 0.0394502 0.0385446
0 0.828583 0.902765 0.0660313 0.0653872
0 0.352775 0.362384 0.0561818 0.0564928
0 0.578434 0.17735 0.070824 0.0722642
0 0.23009 0.292511 0.0418919 0.0411397
0 0.707263 0.487277 0.0854731 0.0857374
0 0.309214 0.763798 0.0557961 0.0553558
0 0.459801 0.240926 0.0770193 0.078457
0 0.832412 0.465097 0.0657248 0.0654299
0 0.272816 0.510597 0.0406991 0.0400447
0 0.436588 0.511363 0.0385071 0.0381198
0 0.884947 0.461433 0.0598381 0.0602177
0 0.721787 0.375511 0.0522727 0.0528468
0 0.40812 0.835277 0.042454 0.0436312
0 0.818807 0.464774 0.064666 0.0651932
0 0.482187 0.869695 0.0404154 0.0396317
0 0.0887233 0.314265 0.0761061 0.075414
0 0.167325 0.730667 0.0817224 0.0829973
0 0.897961 0.159237 0.0847851 0.083365
0 0.895503 0.367547 0.0573736 0.0583414
0 0.627334 0.964232 0.0631577 0.0618131
0 0.592606 0.864563 0.0501701 0.0503034
0 0.351445 0.619747 0.0580638 0.0586131
0 0.676886 0.540767 0.0380262 0.0376015
0 0.577104 0.864939 0.0515438 0.051123
0 0.655235 0.101254 0.0669941 0.0674126
0 0.30963 0.956942 0.0624988 0.0637062
0 0.294499 0.955673 0.0607604 0.0607459
0 0.563414 0.177038 0.0708499 0.0717567
0 0.367331 0.977066 0.0732148 0.0453506
0 0.61403 0.963091 0.0632593 0.0627828
0 0.146105 0.12802 0.060535 0.0596562
0 0.436195 0.127028 0.0457251 0.0460401
0 0.215201 0.291576 0.0424738 0.0420075
0 0.285073 0.331089 0.0671572 0.0693751
0 0.491875 0.0703661 0.0721084 0.0726393
0 0.358465 0.563748 0.0441733 0.0433332
0 0.536037 0.120571 0.0559757 0.0562425
0 0.300545 0.33093 0.0671409 0.067417
0 0.734406 0.375761 0.0526971 0.0532822
0 0.777666 0.961221 0.0689499 0.0692879
0 0.257197 0.510504 0.0408487 0.0410748
0 0.215989 0.921125 0.0571767 0.0568171
0 0.468358 0.868382 0.0403606 0.0405357
0 0.512167 0.49812 0.0462477 0.0470145
0 0.551744 0.120329 0.056393 0.0538899
0 0.812985 0.902074 0.0642763 0.0656089
0 0.871787 0.460749 0.0596767 0.0608145
0 0.0451359 0.513013 0.039651 0.0401361
0 0.4463 0.244806 0.075534 0.073926
0 0.882087 0.6147 0.043763 0.0416295
0 0.897132 0.524926 0.04552 0.046668
0 0.392523 0.83474 0.043538 0.0434102
0 0.420758 0.126785 0.0456315 0.0473926
0 0.476862 0.0688717 0.0743498 0.0733631
0 0.881507 0.36774 0.058193 0.0592016
0 0.896136 0.613937 0.0433451 0.0422524
0 0.595176 0.345223 0.0410812 0.0425465
0 0.328873 0.532669 0.0345955 0.0356407
0 0.0828373 0.0625311 0.0384896 0.0391231
0 0.0686458 0.0619291 0.0392705 0.0392626
0 0.200555 0.921798 0.0571886 0.057092
0 0.117979 0.195271 0.0345997 0.0340265
0 0.898114 0.10045 0.0676147 0.0699767
0 0.742387 0.963826 0.0410608 0.040019
0 0.886124 0.100481 0.0678604 0.0695343
0 0.745021 0.0500906 0.0971071 0.092105
0 0.243357 0.496317 0.0362432 0.0353818
0 0.883407 0.525164 0.0451857 0.047039
0 0.0305534 0.513505 0.0397988 0.0400571
0 0.15794 0.0175974 0.0565915 0.0351949
0 0.353076 0.97936 0.074118 0.041259
0 0.103251 0.195338 0.034239 0.034638
0 0.728844 0.964685 0.0421515 0.041422
0 0.215232 0.247696 0.039445 0.0389366
0 0.802633 0.414285 0.0523306 0.0503243
0 0.314959 0.53255 0.0344096 0.0355975
0 0.685043 0.983512 0.102887 0.0329769
0 0.231887 0.545242 0.0477392 0.0472813
0 0.191472 0.5209 0.0706932 0.0694185
0 0.343963 0.100556 0.0665944 0.0649499
0 0.829193 0.347123 0.043758 0.0449087
0 0.517755 0.160545 0.0417243 0.0419451
0 0.142361 0.0164162 0.056657 0.0323779
0 0.66765 0.540638 0.0381723 0.0375946
0 0.262727 0.940042 0.0331213 0.0321632
0 0.503093 0.162019 0.0408964 0.0410967
0 0.317351 0.251832 0.0601862 0.058871
0 0.579788 0.345014 0.0412636 0.0441193
0 0.573369 0.0298902 0.0904154 0.0597805
0 0.815287 0.348778 0.0434969 0.0447041
0 0.895947 0.617174 0.0558781 0.0513072
0 0.897122 0.0373676 0.0383982 0.0374885
0 0.397728 0.105769 0.0695993 0.0685114
0 0.200964 0.246814 0.0387107 0.0391474
0 0.248198 0.940482 0.0316424 0.032907
0 0.944085 0.371791 0.0506439 0.0497463
0 0.90229 0.285353 0.0843067 0.0834911
0 0.457653 0.981919 0.109215 0.036163
0 0.33024 0.101066 0.0675443 0.065539
0 0.881372 0.0370963 0.0392784 0.0385226
0 0.387335 0.100803 0.0711833 0.0689216
0 0.558892 0.033437 0.0888695 0.066874
0 0.219682 0.543379 0.0461278 0.0462118
0 0.792993 0.413094 0.0496794 0.0511539
0 0.705096 0.156692 0.048915 0.0477949
0 0.44776 0.0349787 0.0885063 0.0699574
0 0.230646 0.495904 0.0354447 0.0352239
0 0.823722 0.105035 0.0641886 0.0616186
0 0.960495 0.183572 0.0638783 0.0686857
0 0.456279 0.988155 0.10033 0.0236905
0 0.930794 0.371789 0.0503279 0.04987
0 0.333092 0.251048 0.0570554 0.0581676
0 0.161034 0.9396 0.062198 0.0614185
0 0.812982 0.104863 0.0643309 0.0634406
0 0.697 0.989016 0.095764 0.0219688
0 0.457603 0.0250791 0.0838671 0.0501583
0 0.0841281 0.779709 0.0358788 0.0369036
0 0.683751 0.0128586 0.0723385 0.0256588
0 0.138503 0.166706 0.0403669 0.0382418
0 0.478709 0.989238 0.0901571 0.0215243
0 0.116333 0.983409 0.0982867 0.0331818
0 0.171761 0.937042 0.0562369 0.0591403
