0 0.559443 0.69636 0.216027 0.212101
0 0.767739 0.473876 0.206419 0.200105
0 0.834254 0.952956 0.124447 0.0940875
0 0.581075 0.331537 0.142381 0.141689
0 0.877734 0.644373 0.173516 0.170975
0 0.716016 0.418509 0.167872 0.157216
0 0.743401 0.305965 0.164816 0.162421
0 0.0589512 0.924256 0.116234 0.151046
0 0.895075 0.346873 0.174366 0.168912
0 0.929346 0.923482 0.139578 0.153036
0 0.566057 0.468544 0.10987 0.111538
0 0.0819245 0.922324 0.163849 0.155352
0 0.912429 0.910894 0.175142 0.177896
0 0.0342518 0.945619 0.0685035 0.107051
0 0.280538 0.824259 0.28534 0.269138
0 0.849468 0.852203 0.301064 0.294669
0 0.884975 0.891683 0.229061 0.216635
0 0.591399 0.610096 0.162432 0.15497
0 0.101261 0.889988 0.201852 0.220024
0 0.127197 0.853617 0.254394 0.292766
0 0.478011 0.951016 0.2503 0.097969
0 0.81263 0.808053 0.374741 0.382166
0 0.0523963 0.949349 0.104535 0.100718
0 0.67708 0.982053 0.12547 0.0358948
0 0.0695828 0.939584 0.139166 0.120832
0 0.606336 0.956535 0.091786 0.0846278
0 0.575776 0.135772 0.0928238 0.0964016
0 0.0318171 0.95939 0.0636343 0.0805898
0 0.034986 0.684941 0.0699721 0.113645
0 0.168371 0.814684 0.336743 0.367094
0 0.948293 0.958367 0.102604 0.0829097
0 0.0451917 0.934622 0.0903835 0.130023
0 0.958217 0.969139 0.0835664 0.0613033
0 0.667595 0.986952 0.117728 0.0260958
0 0.967039 0.951552 0.0646019 0.0959896
0 0.65612 0.256955 0.0796497 0.0791983
0 0.669209 0.256999 0.0787231 0.076983
0 0.127095 0.920099 0.251032 0.159803
0 0.0472307 0.964765 0.092766 0.070471
0 0.560661 0.133991 0.0902034 0.0920389
0 0.94356 0.941841 0.11288 0.116318
0 0.447376 0.254819 0.164254 0.162111
0 0.951999 0.92597 0.0960012 0.148059
0 0.460305 0.275822 0.165794 0.164775
0 0.933313 0.953899 0.133373 0.0911519
0 0.588768 0.955149 0.111547 0.0882353
0 0.971686 0.739964 0.0562611 0.166688
0 0.108489 0.943117 0.212899 0.113766
0 0.25448 0.826505 0.237735 0.226588
0 0.834493 0.9046 0.330226 0.190801
0 0.949661 0.0247404 0.0968571 0.0494576
0 0.899984 0.944829 0.198219 0.110264
0 0.941745 0.970077 0.115389 0.0598454
0 0.961624 0.0367062 0.0767528 0.072966
0 0.0281899 0.0382798 0.0561909 0.0758532
0 0.172369 0.896833 0.344739 0.206333
0 0.97222 0.027468 0.0549728 0.0546302
0 0.23063 0.806604 0.459422 0.380609
0 0.464886 0.935984 0.305477 0.128027
0 0.947791 0.0157169 0.0999245 0.0314339
0 0.0960305 0.89108 0.170787 0.16675
0 0.773673 0.757294 0.452655 0.485413
