0 0.966107 0.376131 0.0677854 0.092424
0 0.962163 0.594715 0.0753033 0.105168
0 0.0953678 0.547266 0.0974575 0.0986543
0 0.576172 0.935423 0.112372 0.111472
0 0.164792 0.367046 0.103094 0.100916
0 0.783532 0.960114 0.121851 0.0797727
0 0.361222 0.675438 0.0941224 0.0952093
0 0.436087 0.487861 0.0914313 0.0917889
0 0.977534 0.791158 0.0449317 0.0621048
0 0.282604 0.440395 0.0893556 0.0899296
0 0.677606 0.978148 0.100706 0.0437035
0 0.865752 0.65003 0.101374 0.0988464
0 0.243175 0.785542 0.0856552 0.0876443
0 0.35103 0.789747 0.0840337 0.0830638
0 0.67052 0.585157 0.0895507 0.0897537
0 0.630599 0.451961 0.0967051 0.0982993
0 0.220661 0.260721 0.0923261 0.0929586
0 0.308297 0.691536 0.0919836 0.0884155
0 0.699483 0.686642 0.0903616 0.0910077
0 0.435682 0.408095 0.085146 0.0846095
0 0.59064 0.586989 0.0742069 0.0742748
0 0.365738 0.789955 0.08359 0.0837377
0 0.647793 0.365196 0.08525 0.0864417
0 0.889226 0.367977 0.0959644 0.0957799
0 0.109751 0.897734 0.0990884 0.0977379
0 0.57679 0.587096 0.072751 0.0736237
0 0.478503 0.829539 0.0745251 0.074413
0 0.507488 0.607232 0.0997757 0.100504
0 0.796091 0.46914 0.102833 0.104837
0 0.388741 0.891787 0.0989781 0.0980047
0 0.614019 0.264487 0.0872409 0.0865892
0 0.343416 0.034109 0.0845673 0.0676019
0 0.921488 0.895184 0.097257 0.100422
0 0.533904 0.499733 0.0875031 0.0873685
0 0.928814 0.458847 0.0672443 0.0665573
0 0.71169 0.411681 0.0829527 0.082567
0 0.0713665 0.661439 0.0749146 0.0754197
0 0.790989 0.684366 0.0715161 0.0713748
0 0.349641 0.533084 0.060733 0.0599882
0 0.64418 0.685129 0.0553118 0.0552775
0 0.0846952 0.661781 0.076768 0.0758087
0 0.694936 0.815868 0.101217 0.101441
0 0.424992 0.153856 0.064522 0.0644756
0 0.464672 0.828801 0.0743891 0.07419
0 0.0233004 0.730039 0.0465241 0.0591957
0 0.645501 0.130213 0.100132 0.101985
0 0.697145 0.411312 0.0810442 0.0828544
0 0.776384 0.683878 0.070447 0.0704381
0 0.486423 0.122669 0.0936399 0.0950606
0 0.930316 0.719955 0.0642437 0.0637549
0 0.706482 0.524971 0.0539135 0.0540223
0 0.629577 0.684823 0.0542137 0.0545527
0 0.312395 0.350285 0.0640972 0.0652701
0 0.721609 0.524632 0.0550106 0.0539663
0 0.583334 0.420824 0.0534874 0.0532848
0 0.299748 0.546211 0.0646884 0.0652734
0 0.48938 0.38847 0.0628466 0.063294
0 0.357871 0.0334897 0.0840986 0.0669795
0 0.475082 0.388889 0.0622701 0.062871
0 0.740589 0.607618 0.0763195 0.0749666
0 0.754328 0.608005 0.0775925 0.0764025
0 0.817415 0.171021 0.084602 0.0848271
0 0.523236 0.762535 0.0547837 0.0547193
0 0.808579 0.591568 0.0435736 0.0445353
0 0.537909 0.762737 0.05404 0.0547048
0 0.75521 0.0413391 0.086693 0.0818509
0 0.706289 0.16297 0.0491864 0.049787
0 0.282664 0.885464 0.0803981 0.0787519
0 0.56843 0.419846 0.0526055 0.0532014
0 0.390024 0.492149 0.0608064 0.0598085
0 0.312551 0.546799 0.0620333 0.0627754
0 0.520703 0.890464 0.055069 0.0553004
0 0.942076 0.459522 0.0673021 0.0658341
0 0.391529 0.299173 0.060252 0.0589516
0 0.692141 0.163302 0.0485526 0.0507991
0 0.805433 0.317368 0.0348057 0.0344826
0 0.451916 0.926221 0.0656209 0.0640986
0 0.233254 0.69842 0.0753485 0.0726644
0 0.403504 0.491947 0.057714 0.0595127
0 0.183134 0.476193 0.0747265 0.0768857
0 0.325676 0.461688 0.0496985 0.0505102
0 0.37512 0.600039 0.0488411 0.0490138
0 0.945669 0.71999 0.0641171 0.064342
0 0.326762 0.350488 0.064607 0.0648588
0 0.360682 0.600042 0.0502843 0.050068
0 0.411106 0.154563 0.0654558 0.0657484
0 0.489417 0.235543 0.0573124 0.0558995
0 0.786505 0.85977 0.0424154 0.0416406
0 0.268474 0.885251 0.0794922 0.0789037
0 0.771585 0.860286 0.0411365 0.0413581
0 0.338693 0.46214 0.0503518 0.049714
0 0.794821 0.59193 0.0446655 0.0446126
0 0.464909 0.92601 0.0644036 0.0649872
0 0.16612 0.305915 0.0778923 0.0777851
0 0.451289 0.648227 0.0431179 0.044413
0 0.862709 0.2172 0.0474812 0.0489317
0 0.407757 0.299754 0.0585236 0.0599784
0 0.368583 0.382302 0.0564504 0.0569263
0 0.382227 0.382118 0.0549767 0.0561176
0 0.412056 0.98035 0.0532999 0.0392722
0 0.436286 0.647479 0.0426117 0.0439189
0 0.246786 0.96566 0.0786501 0.0684942
0 0.301397 0.975455 0.0674196 0.049
0 0.740081 0.0405834 0.0870243 0.0809887
0 0.220049 0.698323 0.0732628 0.0726209
0 0.335557 0.533367 0.0608576 0.0613695
0 0.826799 0.0866933 0.0704794 0.0706676
0 0.405378 0.580543 0.0552434 0.0536144
0 0.50671 0.891137 0.0544972 0.0551187
0 0.801842 0.17109 0.0859568 0.0892714
0 0.470649 0.311159 0.0628516 0.062497
0 0.22722 0.587573 0.0677641 0.0676716
0 0.280282 0.371729 0.0383431 0.0378062
0 0.419063 0.580085 0.0543371 0.0542308
0 0.474357 0.235203 0.0584272 0.0583028
0 0.791965 0.316844 0.0335669 0.0339312
0 0.927059 0.190262 0.0868633 0.0870358
0 0.100371 0.815849 0.0537099 0.0518581
0 0.459771 0.0704765 0.0770428 0.0792322
0 0.162573 0.209132 0.0866017 0.0872034
0 0.601137 0.368029 0.0507715 0.0520588
0 0.537413 0.396448 0.0518566 0.0520631
0 0.0862316 0.815971 0.0534536 0.0532438
0 0.58467 0.367535 0.0510372 0.0519475
0 0.151077 0.306266 0.079093 0.0786292
0 0.528517 0.238583 0.0411233 0.0384996
0 0.377529 0.425008 0.0440518 0.043475
0 0.116591 0.109398 0.0657262 0.0643642
0 0.454969 0.311595 0.0626629 0.0629083
0 0.879959 0.972145 0.0460121 0.0470488
0 0.446844 0.0694463 0.0783903 0.078585
0 0.568851 0.0864574 0.0809296 0.0806757
0 0.398579 0.981123 0.0549619 0.0376094
0 0.551349 0.395233 0.0536633 0.0493766
0 0.811813 0.0894067 0.069889 0.0716575
0 0.364897 0.425164 0.0457099 0.0439359
0 0.148223 0.207803 0.0872457 0.087196
0 0.265373 0.370976 0.0388302 0.0376938
0 0.848094 0.216919 0.0485081 0.0477537
0 0.365084 0.267247 0.0513074 0.0520412
0 0.940935 0.192365 0.0872795 0.088328
0 0.979224 0.511934 0.0413395 0.0943874
0 0.868267 0.972331 0.0472471 0.0472117
0 0.155401 0.649808 0.0364139 0.0356331
0 0.289791 0.975821 0.0671905 0.0483572
0 0.103586 0.109694 0.0660013 0.0665328
0 0.430492 0.24462 0.0625741 0.0630569
0 0.108893 0.424696 0.0782842 0.0789382
0 0.0371457 0.480672 0.0694691 0.0706088
0 0.0902897 0.898744 0.0937956 0.0963842
0 0.207076 0.664954 0.0714396 0.0722298
0 0.417233 0.24424 0.06218 0.0645552
0 0.985016 0.510566 0.029969 0.0904355
0 0.514713 0.239176 0.0378329 0.0382438
0 0.897253 0.0258732 0.101925 0.0517464
0 0.317235 0.0485678 0.0539088 0.0560402
0 0.141111 0.649889 0.0339092 0.0350332
0 0.351079 0.267216 0.0505421 0.050491
0 0.463368 0.212882 0.0365426 0.0377387
0 0.0960018 0.423056 0.0787122 0.0793278
0 0.536902 0.142775 0.0430285 0.0431134
0 0.239219 0.589278 0.0666368 0.0672995
0 0.233088 0.964919 0.075697 0.0687032
0 0.829899 0.176067 0.0410294 0.042354
0 0.551736 0.143538 0.0434315 0.0431244
0 0.232947 0.0520465 0.0501395 0.0505617
0 0.448943 0.213007 0.0345663 0.035824
0 0.586596 0.175653 0.0412096 0.0413837
0 0.132434 0.0222766 0.0492471 0.0440548
0 0.302425 0.0486274 0.056462 0.0578323
0 0.816968 0.175135 0.0414937 0.0457151
0 0.0322686 0.729876 0.0566633 0.0573522
0 0.811921 0.170429 0.0649536 0.0640768
0 0.242318 0.141083 0.0534807 0.0525064
0 0.117199 0.0230203 0.0493156 0.0456718
0 0.813766 0.182241 0.0468373 0.0434008
0 0.193468 0.663933 0.0677137 0.0697934
0 0.218557 0.0523779 0.0499486 0.0509079
0 0.704627 0.330431 0.0582747 0.0571914
0 0.0304354 0.217375 0.0394403 0.0402236
0 0.661736 0.979696 0.106832 0.0406083
0 0.829143 0.173925 0.050893 0.0497264
0 0.948553 0.0836545 0.0614515 0.0628068
0 0.226132 0.141034 0.0546619 0.053197
0 0.172375 0.472538 0.0769176 0.077486
0 0.270488 0.213672 0.054666 0.0547417
0 0.0461721 0.218821 0.0390132 0.0392736
0 0.57123 0.175719 0.041113 0.0418133
0 0.475654 0.991299 0.073695 0.0174028
0 0.689966 0.332935 0.0562716 0.0542172
0 0.285141 0.19829 0.0750135 0.0728948
0 0.462726 0.989718 0.0756586 0.0205635
