0 0.552619 0.957697 0.159421 0.0846052
0 0.107086 0.763789 0.131482 0.133415
0 0.0564322 0.952552 0.112864 0.0948958
0 0.23578 0.801208 0.147133 0.146634
0 0.958755 0.712266 0.0824896 0.109235
0 0.309771 0.504722 0.117007 0.116112
0 0.914736 0.795563 0.12039 0.119184
0 0.814736 0.729415 0.125622 0.125088
0 0.894136 0.595315 0.113549 0.114166
0 0.801361 0.522982 0.132203 0.132294
0 0.682766 0.487936 0.117871 0.117787
0 0.302807 0.956094 0.111325 0.0878116
0 0.670526 0.721332 0.123882 0.12478
0 0.0683275 0.230425 0.117951 0.116981
0 0.882896 0.362401 0.118109 0.11864
0 0.484592 0.630437 0.107059 0.112118
0 0.777546 0.322432 0.0949019 0.0946439
0 0.831015 0.927087 0.0830697 0.0807271
0 0.525909 0.779628 0.11967 0.118381
0 0.748068 0.427291 0.0832108 0.0854594
0 0.618206 0.343002 0.0990522 0.0946704
0 0.736596 0.976387 0.105747 0.0469251
0 0.409229 0.30507 0.105192 0.107643
0 0.277435 0.724288 0.0948427 0.0918137
0 0.415429 0.95037 0.110627 0.0979233
0 0.381413 0.702571 0.111673 0.113815
0 0.377394 0.571842 0.0966205 0.0974951
0 0.79367 0.840337 0.0889934 0.0902006
0 0.884874 0.976971 0.102142 0.0460578
0 0.464228 0.50539 0.0949703 0.0953934
0 0.583225 0.635517 0.0987352 0.0995838
0 0.361529 0.386966 0.0955925 0.0927376
0 0.63087 0.80813 0.109687 0.107545
0 0.305494 0.599283 0.0852561 0.0852978
0 0.236756 0.548158 0.0782239 0.0791392
0 0.524733 0.162661 0.100281 0.102149
0 0.12622 0.870045 0.0965294 0.0974569
0 0.366119 0.84486 0.061868 0.0606973
0 0.408667 0.766092 0.0678535 0.0654475
0 0.45527 0.72397 0.0758812 0.0765959
0 0.273372 0.257225 0.0900616 0.0908772
0 0.290628 0.600152 0.0845848 0.0845612
0 0.124121 0.588561 0.0877916 0.0876366
0 0.660545 0.585754 0.0861442 0.0864707
0 0.3523 0.844418 0.0617852 0.0609394
0 0.605329 0.520133 0.0837433 0.0842423
0 0.394064 0.765937 0.0679032 0.0666995
0 0.196747 0.306659 0.0803685 0.0836932
0 0.96233 0.971724 0.0739435 0.0565512
0 0.552947 0.352822 0.0907882 0.0897223
0 0.468395 0.724093 0.0771694 0.0777631
0 0.346821 0.816574 0.0621817 0.0630046
0 0.681524 0.929024 0.069899 0.0699572
0 0.667873 0.928978 0.0684542 0.0677147
0 0.0467888 0.448125 0.0935777 0.11788
0 0.182588 0.305287 0.0803652 0.0816893
0 0.711518 0.3141 0.0629294 0.0643996
0 0.211125 0.382295 0.0639358 0.064357
0 0.222262 0.548264 0.0781231 0.0782964
0 0.716808 0.785681 0.0829756 0.0819878
0 0.56724 0.353678 0.0908216 0.0947726
0 0.0247015 0.962597 0.0494029 0.0734955
0 0.334402 0.815956 0.0639566 0.0628159
0 0.697451 0.31433 0.0625853 0.0635092
0 0.144669 0.0841112 0.0936644 0.0975092
0 0.551696 0.454035 0.0679251 0.068342
0 0.801692 0.213924 0.0759356 0.0771912
0 0.588216 0.114362 0.0544594 0.0530655
0 0.339551 0.124581 0.0755683 0.0759155
0 0.197063 0.38085 0.0636344 0.0625914
0 0.295399 0.965177 0.111136 0.0696457
0 0.0361819 0.96401 0.0712497 0.0707537
0 0.975344 0.966607 0.0488079 0.0644643
0 0.14925 0.416841 0.0544048 0.0527035
0 0.536316 0.4551 0.068205 0.0680824
0 0.138597 0.590113 0.0888945 0.0895994
0 0.325243 0.123539 0.0776138 0.0748027
0 0.249928 0.444268 0.046496 0.0474749
0 0.133358 0.416523 0.0526486 0.0538191
0 0.450445 0.15474 0.0801044 0.0818961
0 0.952091 0.977489 0.0921797 0.0448818
0 0.214426 0.475712 0.0633131 0.0636652
0 0.717786 0.0258364 0.0489546 0.049308
0 0.294317 0.241797 0.0761395 0.0732545
0 0.234703 0.443872 0.0456873 0.0461716
0 0.603937 0.347513 0.09939 0.0985854
0 0.0516151 0.0848701 0.10081 0.107006
0 0.574502 0.11522 0.0553279 0.053824
0 0.963504 0.952712 0.0729912 0.0945758
0 0.702073 0.0260369 0.0492588 0.0500288
0 0.948288 0.965211 0.100224 0.0695777
0 0.734598 0.425259 0.0836345 0.0832844
0 0.0622101 0.964432 0.123823 0.0711371
0 0.0420881 0.955732 0.0838664 0.086311
0 0.436862 0.153835 0.0806877 0.0812031
0 0.199052 0.712073 0.0934376 0.0920657
0 0.879341 0.983075 0.108966 0.0338491
0 0.789899 0.21595 0.0754835 0.0737145
0 0.702727 0.788477 0.0817178 0.0826291
0 0.877625 0.208854 0.0567734 0.057205
0 0.6306 0.146772 0.0537422 0.05578
0 0.902678 0.981249 0.123681 0.0375027
0 0.751254 0.982278 0.11024 0.0354382
0 0.198102 0.475346 0.0640837 0.0638427
0 0.16083 0.138637 0.0586464 0.059186
0 0.413992 0.238703 0.100701 0.104097
0 0.767315 0.246963 0.0454732 0.044816
0 0.657778 0.288562 0.0573101 0.0571461
0 0.936688 0.97492 0.124885 0.0500916
0 0.897861 0.973302 0.111458 0.052272
0 0.985197 0.857925 0.0293682 0.0889343
0 0.10787 0.666476 0.0574141 0.0573747
