0 0.138407 0.945511 0.110847 0.106518
0 0.0361202 0.797494 0.0720795 0.0972773
0 0.427503 0.878256 0.1236 0.125453
0 0.0514081 0.691608 0.083281 0.0811437
0 0.783973 0.939968 0.110102 0.109959
0 0.252533 0.974455 0.0997111 0.0508759
0 0.538606 0.78021 0.113658 0.116508
0 0.195114 0.705905 0.0990021 0.0995873
0 0.11472 0.759324 0.0853684 0.0862129
0 0.352254 0.967899 0.0906257 0.0642028
0 0.454458 0.272913 0.0788977 0.0795451
0 0.76718 0.746407 0.103241 0.104795
0 0.473658 0.60634 0.0974436 0.0979083
0 0.893912 0.5463 0.0968151 0.0964022
0 0.290303 0.812925 0.108679 0.108554
0 0.637719 0.961871 0.0708375 0.0713145
0 0.573127 0.881151 0.0977177 0.101219
0 0.621732 0.72819 0.098262 0.0975104
0 0.836586 0.573112 0.0628178 0.0618683
0 0.70018 0.376292 0.0919024 0.0921673
0 0.399942 0.440913 0.0703516 0.0708921
0 0.892918 0.752274 0.0853382 0.0856069
0 0.65248 0.961554 0.0708509 0.071372
0 0.578016 0.583926 0.0935326 0.0941935
0 0.255505 0.320588 0.0848994 0.0836941
0 0.256264 0.511757 0.095153 0.0938334
0 0.154386 0.813667 0.0855338 0.0849745
0 0.168938 0.813499 0.0867149 0.0868514
0 0.355041 0.44416 0.0605945 0.0603292
0 0.823228 0.572555 0.0621744 0.0619644
0 0.475288 0.304015 0.0910021 0.0888315
0 0.0301341 0.939418 0.0602681 0.0887301
0 0.563 0.585971 0.0923878 0.0920993
0 0.109611 0.45118 0.0977595 0.0954716
0 0.637979 0.72991 0.0971809 0.0977295
0 0.341819 0.444507 0.0607126 0.061102
0 0.577984 0.47538 0.0686561 0.0678811
0 0.384682 0.440975 0.0699073 0.0703996
0 0.615432 0.457515 0.066968 0.0687331
0 0.83715 0.263239 0.085215 0.085437
0 0.564405 0.476182 0.0670966 0.0678938
0 0.941474 0.638217 0.0736111 0.0725085
0 0.162792 0.527958 0.0949775 0.0947711
0 0.615049 0.340737 0.0438732 0.0436488
0 0.422449 0.367148 0.0684782 0.0689903
0 0.0369438 0.978219 0.0727246 0.0432447
0 0.928758 0.63855 0.0747951 0.0738831
0 0.921559 0.284387 0.0800476 0.0794646
0 0.822722 0.262407 0.0851681 0.0849626
0 0.601254 0.458786 0.0695335 0.0716901
0 0.416261 0.18493 0.0744985 0.0759888
0 0.487328 0.157525 0.0709141 0.0732542
0 0.338699 0.969846 0.0907477 0.0603088
0 0.284484 0.443333 0.0769963 0.0775956
0 0.40882 0.367427 0.067785 0.0687349
0 0.440719 0.273102 0.0798138 0.081046
0 0.265361 0.145028 0.0795975 0.0797362
0 0.907411 0.285269 0.078994 0.0803562
0 0.821845 0.183674 0.0702168 0.0677259
0 0.560238 0.419474 0.0620035 0.0620906
0 0.177248 0.533288 0.0955949 0.0959798
0 0.73948 0.634252 0.0656935 0.0646441
0 0.601147 0.341053 0.0443789 0.0444139
0 0.969202 0.708433 0.0435799 0.041806
0 0.401413 0.18386 0.0740945 0.0745302
0 0.545299 0.419507 0.0599967 0.0585637
0 0.434168 0.542978 0.0476807 0.045932
0 0.726483 0.634436 0.0656968 0.0662158
0 0.58259 0.166895 0.085379 0.0877738
0 0.711887 0.955108 0.0464003 0.045431
0 0.500454 0.444575 0.0613598 0.0621873
0 0.964835 0.979067 0.0697666 0.0412825
0 0.910599 0.928961 0.0867693 0.083741
0 0.419022 0.54379 0.047067 0.0467539
0 0.698567 0.953584 0.0456519 0.045519
0 0.472299 0.158096 0.0725233 0.0723975
0 0.808835 0.182648 0.0703961 0.0703907
0 0.250171 0.143285 0.077977 0.0798751
0 0.954636 0.708353 0.0418697 0.0418639
0 0.51269 0.880971 0.0421124 0.0455449
0 0.485297 0.443744 0.063485 0.0633893
0 0.792163 0.471987 0.0606445 0.0598658
0 0.687098 0.596423 0.0542086 0.0545598
0 0.553324 0.276245 0.049555 0.0512505
0 0.538125 0.112785 0.0653399 0.0638841
0 0.778273 0.471151 0.061053 0.0603521
0 0.269852 0.443478 0.0777532 0.0789426
0 0.0308149 0.408888 0.061627 0.0954375
0 0.472875 0.811964 0.0450233 0.0456497
0 0.901228 0.264882 0.0698528 0.0672063
0 0.309295 0.329068 0.0409424 0.0412144
0 0.459919 0.526958 0.0447028 0.04598
0 0.423491 0.685373 0.0559931 0.0545418
0 0.0248743 0.930557 0.0494851 0.0735155
0 0.295617 0.328944 0.0403986 0.0415171
0 0.467582 0.771471 0.0670658 0.0677984
0 0.568282 0.167658 0.0839123 0.0860088
0 0.0569303 0.611975 0.0537701 0.0540433
0 0.0394026 0.983001 0.0788052 0.0339982
0 0.348059 0.0623306 0.0664354 0.0651604
0 0.684599 0.377528 0.0914947 0.0932694
0 0.178927 0.384939 0.0835893 0.0835759
0 0.446134 0.52726 0.0468013 0.0459349
0 0.538379 0.276498 0.0484487 0.0512452
0 0.824743 0.519626 0.0456955 0.0466991
0 0.524508 0.988997 0.107242 0.0220066
0 0.0449679 0.613086 0.0540463 0.0549103
0 0.633264 0.532812 0.070978 0.0723644
0 0.459877 0.811545 0.0442226 0.0460665
0 0.312386 0.238975 0.0770481 0.0769635
0 0.9612 0.985457 0.0776005 0.0290859
0 0.499026 0.880679 0.0417136 0.0430417
0 0.661941 0.677822 0.0391869 0.0403475
0 0.11127 0.600378 0.07285 0.0725084
0 0.78163 0.656139 0.0594738 0.0602776
0 0.523331 0.113586 0.067414 0.0671228
0 0.430655 0.157147 0.0545784 0.0581295
0 0.410189 0.686369 0.0530674 0.0526128
0 0.517606 0.985339 0.104062 0.0293227
0 0.512639 0.316287 0.0627655 0.0619298
0 0.673394 0.596928 0.0514107 0.054439
0 0.164492 0.384711 0.0824908 0.0826514
0 0.976305 0.215447 0.047389 0.0878207
0 0.33343 0.0656523 0.0653397 0.0677614
0 0.0978025 0.601689 0.073553 0.0719259
0 0.862273 0.162844 0.0657734 0.0674271
0 0.648486 0.561725 0.0591791 0.058063
0 0.352659 0.728884 0.0548413 0.0563994
0 0.675511 0.676964 0.0389751 0.0409594
0 0.29894 0.235866 0.0753226 0.0768988
0 0.526405 0.316921 0.061841 0.0620426
0 0.907727 0.258772 0.0674641 0.0673259
0 0.338269 0.728755 0.054863 0.0550823
0 0.365448 0.662182 0.0721818 0.0705162
0 0.0569026 0.30873 0.0651819 0.0637867
0 0.341533 0.571859 0.0497509 0.0505979
0 0.634083 0.310206 0.0345683 0.035181
0 0.240248 0.595023 0.0442906 0.0432358
0 0.735651 0.709363 0.051152 0.0494902
0 0.76938 0.655732 0.0592464 0.0593784
0 0.81099 0.520197 0.0458362 0.0463209
0 0.441298 0.159409 0.0553253 0.0555558
0 0.647913 0.310573 0.0357287 0.0356196
0 0.270037 0.516574 0.0934148 0.0949835
0 0.115256 0.280805 0.0829047 0.0836876
0 0.253699 0.283902 0.0784252 0.0761422
0 0.21687 0.235685 0.0470366 0.0463336
0 0.257796 0.814055 0.063043 0.0630127
0 0.983841 0.62292 0.0323185 0.0434485
0 0.22654 0.59521 0.0436658 0.0425836
0 0.457352 0.767455 0.0718332 0.0737417
