0 0.041807 0.499056 0.0806481 0.086147
0 0.978152 0.386503 0.0436968 0.0691919
0 0.781169 0.975751 0.0906479 0.0484983
0 0.544378 0.56482 0.0887185 0.0890818
0 0.407345 0.963511 0.0860633 0.0729775
0 0.389712 0.735163 0.0804245 0.0810212
0 0.194931 0.778252 0.0769318 0.0760796
0 0.970233 0.617963 0.0591228 0.0782116
0 0.769876 0.886764 0.0879414 0.0877383
0 0.532112 0.981082 0.073152 0.0378351
0 0.453618 0.753401 0.0744556 0.074556
0 0.544071 0.77775 0.0467192 0.046574
0 0.975069 0.519885 0.0496096 0.0712423
0 0.624137 0.933564 0.0488867 0.048281
0 0.469069 0.636814 0.0888304 0.0891851
0 0.87771 0.545688 0.072411 0.0751581
0 0.59306 0.716383 0.0750864 0.075695
0 0.425947 0.857779 0.0776238 0.0773062
0 0.557299 0.777149 0.0457555 0.0462631
0 0.342521 0.885008 0.0653571 0.0648865
0 0.204211 0.869604 0.0834601 0.0831739
0 0.357372 0.884265 0.0655542 0.0652763
0 0.69152 0.843665 0.0854574 0.0861041
0 0.485789 0.910977 0.0945715 0.0951018
0 0.605926 0.716228 0.0752208 0.0769605
0 0.630274 0.604047 0.0917562 0.0903898
0 0.28053 0.798279 0.0880098 0.0854958
0 0.646965 0.69138 0.0405134 0.0405294
0 0.382419 0.361165 0.0635025 0.0649289
0 0.300968 0.586674 0.0886852 0.0897247
0 0.206814 0.668706 0.0698379 0.0698392
0 0.846092 0.802617 0.0616112 0.0610291
0 0.686192 0.95508 0.0486389 0.0491077
0 0.265568 0.799592 0.085554 0.0841756
0 0.257456 0.407781 0.0674243 0.0670291
0 0.306822 0.459717 0.0500174 0.0508233
0 0.792175 0.684744 0.0642189 0.0649347
0 0.180959 0.777442 0.0757704 0.0756943
0 0.192456 0.668909 0.0694971 0.0693095
0 0.537286 0.659741 0.0614931 0.0607396
0 0.5683 0.929257 0.0776689 0.0773809
0 0.559011 0.408085 0.0566253 0.0565215
0 0.398496 0.670664 0.0654443 0.0660484
0 0.520289 0.7448 0.0423843 0.0439416
0 0.806152 0.684754 0.0644987 0.0641299
0 0.518753 0.981147 0.0727222 0.0371285
0 0.807352 0.504522 0.0623701 0.0625809
0 0.582169 0.928438 0.0770569 0.0771146
0 0.375599 0.734485 0.0800383 0.0804769
0 0.638219 0.933276 0.0479714 0.0480853
0 0.545567 0.407957 0.055863 0.0560264
0 0.332336 0.790227 0.0633944 0.0642971
0 0.27773 0.0970471 0.0646313 0.0647981
0 0.609262 0.982347 0.0423119 0.0351978
0 0.676701 0.842461 0.0854954 0.0848651
0 0.550843 0.660589 0.0609099 0.0605202
0 0.302024 0.281898 0.0554926 0.0574673
0 0.609091 0.373096 0.0717324 0.0728575
0 0.755526 0.888044 0.0866783 0.0867366
0 0.804118 0.602171 0.0725878 0.0737239
0 0.791316 0.601899 0.0725176 0.0725545
0 0.85971 0.845473 0.0681892 0.067806
0 0.320428 0.460093 0.0499292 0.0513173
0 0.269764 0.867455 0.0690349 0.0684141
0 0.379611 0.567003 0.0767273 0.0784395
0 0.412508 0.85736 0.0765776 0.0767499
0 0.189282 0.870118 0.0842758 0.084316
0 0.625277 0.982167 0.0430504 0.0356667
0 0.242867 0.408545 0.0670136 0.0660096
0 0.283965 0.867411 0.067986 0.0678
0 0.112495 0.73265 0.0789685 0.0794795
0 0.151235 0.590903 0.0677532 0.0674053
0 0.882761 0.972041 0.0612684 0.0546169
0 0.821229 0.504777 0.0632551 0.0632103
0 0.31593 0.282444 0.0562136 0.0559075
0 0.36829 0.360578 0.0638942 0.064364
0 0.202779 0.294277 0.0708098 0.0710202
0 0.864193 0.286738 0.083268 0.0840361
0 0.271452 0.179684 0.0634028 0.0641775
0 0.332417 0.709023 0.0733009 0.072679
0 0.393647 0.566752 0.0774969 0.0778295
0 0.672073 0.187145 0.0758331 0.0761369
0 0.745056 0.368769 0.0785025 0.0778525
0 0.896516 0.97185 0.0606657 0.0551806
0 0.249638 0.987437 0.0812232 0.0251263
0 0.152479 0.965698 0.0707371 0.0669106
0 0.138457 0.965345 0.0707683 0.0670575
0 0.672052 0.954044 0.0491079 0.0487249
0 0.660976 0.766496 0.0484464 0.0498416
0 0.206152 0.944489 0.0460398 0.0450078
0 0.847593 0.844704 0.0654335 0.0653872
0 0.839163 0.923411 0.0599512 0.0615
0 0.392821 0.964081 0.0861466 0.0718377
0 0.876023 0.426778 0.0771915 0.0777058
0 0.339668 0.116907 0.0652022 0.0662803
0 0.0978035 0.732089 0.0782413 0.0795617
0 0.211279 0.601692 0.0666747 0.0665545
0 0.698224 0.766111 0.0483277 0.0476552
0 0.466697 0.754097 0.0760859 0.0753157
0 0.493606 0.272791 0.0595648 0.0587556
0 0.384699 0.670644 0.0666824 0.0652084
0 0.683238 0.640262 0.0516649 0.0515658
0 0.697522 0.639985 0.0509055 0.0509374
0 0.28542 0.179578 0.0630209 0.0651516
0 0.195928 0.434985 0.0616347 0.0609569
0 0.197759 0.600677 0.0664705 0.0677717
0 0.687656 0.187529 0.0749017 0.0750184
0 0.75889 0.368693 0.0782196 0.076598
0 0.188901 0.294396 0.0693679 0.0707027
0 0.660138 0.691594 0.0411925 0.0412203
0 0.0497252 0.644319 0.076787 0.0758268
0 0.825226 0.923216 0.0609396 0.0609421
0 0.180232 0.434957 0.0611974 0.0607753
0 0.465254 0.355511 0.0577099 0.0581998
0 0.596638 0.37317 0.0731388 0.0739573
0 0.647099 0.766428 0.0498926 0.0501544
0 0.319008 0.708659 0.0726813 0.0724093
0 0.84977 0.286267 0.08388 0.0844091
0 0.292122 0.097251 0.0654444 0.0647588
0 0.507286 0.744845 0.0427435 0.0421761
0 0.137633 0.354557 0.0486941 0.0495308
0 0.132647 0.818263 0.0517787 0.0516141
0 0.31842 0.789789 0.0640602 0.0640315
0 0.849092 0.649592 0.0427019 0.0422671
0 0.832943 0.802855 0.0609911 0.0620812
0 0.712716 0.765324 0.0499687 0.049372
0 0.276416 0.703282 0.053857 0.0530182
0 0.921144 0.629194 0.0713379 0.0714015
0 0.136015 0.59001 0.0682496 0.0691096
0 0.510373 0.587887 0.0518551 0.0528554
0 0.620267 0.858634 0.0527184 0.0533674
0 0.479352 0.535657 0.064035 0.0643697
0 0.290032 0.702728 0.0540644 0.0536996
0 0.22989 0.108356 0.0575722 0.0565828
0 0.122891 0.354232 0.0480403 0.0492548
0 0.511907 0.135222 0.0654644 0.0657418
0 0.864499 0.198343 0.0764744 0.0780164
0 0.967512 0.266463 0.0649311 0.0775376
0 0.324606 0.116482 0.0641627 0.0668701
0 0.507208 0.272743 0.0599201 0.0583668
0 0.517973 0.783049 0.0352936 0.0363916
0 0.682376 0.378914 0.0659342 0.0672732
0 0.496771 0.134927 0.0662275 0.0669398
0 0.606713 0.858412 0.0540264 0.0547457
0 0.0659656 0.911097 0.044364 0.0451134
0 0.836236 0.648858 0.0427982 0.0428032
0 0.909187 0.629968 0.0711605 0.0708707
0 0.262396 0.632717 0.0556021 0.0559828
0 0.592704 0.806039 0.0358946 0.0361023
0 0.148426 0.651779 0.0600039 0.0596837
0 0.524952 0.586777 0.0526152 0.0521945
0 0.479945 0.354926 0.0591652 0.0586052
0 0.701614 0.706664 0.0433086 0.0429844
0 0.117485 0.818699 0.0509747 0.0501233
0 0.659697 0.525325 0.0619645 0.0616266
0 0.505916 0.783743 0.0348709 0.0359901
0 0.469633 0.988593 0.0605609 0.0228134
0 0.24243 0.245479 0.0539658 0.05486
0 0.274231 0.328762 0.0450039 0.0449147
0 0.889117 0.427889 0.0754601 0.0777856
0 0.685313 0.435864 0.0413177 0.0411971
0 0.402297 0.147845 0.0639312 0.0628523
0 0.696976 0.571028 0.0456219 0.0467326
0 0.190977 0.94428 0.0447951 0.0451106
0 0.688144 0.706026 0.0429604 0.043603
0 0.770033 0.790683 0.0470986 0.0476198
0 0.11376 0.869776 0.0502029 0.0507863
0 0.260406 0.329195 0.0436108 0.0448052
0 0.771341 0.0329143 0.0810265 0.0657452
0 0.851508 0.197763 0.0779566 0.0798923
0 0.215534 0.108602 0.0569031 0.0572738
0 0.275918 0.632745 0.0540596 0.0565745
0 0.134973 0.652248 0.0592432 0.0614611
0 0.626791 0.482901 0.0559916 0.0577611
0 0.673035 0.52442 0.061417 0.0596217
0 0.387987 0.148067 0.0630306 0.0633142
0 0.755463 0.790268 0.0479545 0.0482475
0 0.857153 0.727295 0.059856 0.0587489
0 0.0691905 0.401212 0.0784831 0.0794961
0 0.344139 0.478481 0.0342729 0.0360871
0 0.361816 0.385296 0.0559081 0.0502021
0 0.578343 0.806557 0.0356308 0.0362899
0 0.937171 0.328011 0.0603048 0.061681
0 0.666685 0.382495 0.0659649 0.0668362
0 0.42978 0.351484 0.0384443 0.0387719
0 0.291839 0.246389 0.0471128 0.0494535
0 0.358474 0.478894 0.0367068 0.036152
0 0.228654 0.245648 0.0536473 0.0552668
0 0.820491 0.751524 0.0447542 0.0457502
0 0.834437 0.751186 0.0461195 0.0460055
0 0.739444 0.812122 0.0446096 0.0472796
0 0.64362 0.449053 0.0405759 0.0421157
0 0.555475 0.217113 0.0557804 0.0555743
0 0.0990958 0.869708 0.0522717 0.0519891
0 0.315243 0.590234 0.0873953 0.086549
0 0.204544 0.159536 0.0781524 0.0779624
0 0.773375 0.719686 0.0287008 0.0290095
0 0.566728 0.288003 0.0632434 0.0653947
0 0.0520839 0.910963 0.0448096 0.045504
0 0.920296 0.56498 0.0562672 0.055844
0 0.623161 0.207419 0.0579249 0.056454
0 0.756256 0.0328685 0.0801411 0.0656215
0 0.923729 0.327782 0.0601757 0.0607943
0 0.416482 0.351444 0.0389605 0.0413887
0 0.793307 0.214233 0.0536814 0.0561076
0 0.56974 0.216521 0.0544213 0.0559773
0 0.172064 0.509045 0.0395256 0.0403425
0 0.656865 0.448536 0.0423094 0.0424074
0 0.464717 0.53584 0.0636211 0.0631982
0 0.726043 0.813258 0.0438925 0.044603
0 0.683948 0.570847 0.0454407 0.0462425
0 0.796276 0.436044 0.0361888 0.0354733
0 0.191629 0.159614 0.075046 0.0763242
0 0.786565 0.403681 0.0609572 0.0610802
0 0.846064 0.727467 0.0584808 0.0582207
0 0.907953 0.564926 0.0546925 0.056913
0 0.922122 0.891602 0.0414169 0.0418168
0 0.349853 0.386046 0.0519119 0.0519979
0 0.742539 0.675648 0.041844 0.0430367
0 0.671644 0.436378 0.0410955 0.0388564
0 0.782216 0.436118 0.0349983 0.0347946
0 0.157837 0.508689 0.0391483 0.0397071
0 0.513081 0.35026 0.0554699 0.0572759
0 0.607888 0.208234 0.0579443 0.0582272
0 0.611764 0.482752 0.0557863 0.0567259
0 0.551096 0.287479 0.0620417 0.0626729
0 0.909003 0.891901 0.0406803 0.0417268
0 0.0366241 0.643025 0.0732482 0.0765053
0 0.112887 0.481567 0.0343596 0.0350957
0 0.457697 0.989765 0.0609913 0.0204697
0 0.759683 0.720803 0.0301497 0.0282954
0 0.0564574 0.399642 0.079229 0.07866
0 0.94072 0.178467 0.061982 0.0635974
0 0.457502 0.110251 0.052281 0.0542651
0 0.375803 0.53063 0.050609 0.0484147
0 0.63512 0.797502 0.0384634 0.0403295
0 0.457144 0.318965 0.0607993 0.064509
0 0.971644 0.257041 0.0558659 0.0769644
0 0.0993418 0.48091 0.0326715 0.0346202
0 0.728404 0.675143 0.0426806 0.0437927
0 0.736458 0.728861 0.0318717 0.0334536
0 0.237196 0.990165 0.0934875 0.0196693
0 0.358047 0.194606 0.0447537 0.0439859
0 0.277522 0.245474 0.0475542 0.0510768
0 0.500435 0.351866 0.0558969 0.0602048
0 0.547758 0.367171 0.0447904 0.0459588
0 0.519183 0.429571 0.0326069 0.0339233
0 0.622229 0.797188 0.0382183 0.0394338
0 0.573762 0.491734 0.0331963 0.0339481
0 0.444818 0.318157 0.0623503 0.0630795
0 0.779757 0.213821 0.0549473 0.0566038
0 0.365747 0.530398 0.0508716 0.0509149
0 0.345282 0.194826 0.0449411 0.0450365
0 0.587033 0.491134 0.0324278 0.0338997
0 0.161435 0.286007 0.0384639 0.0415694
0 0.984764 0.385688 0.0304723 0.0670351
0 0.711146 0.224163 0.0361942 0.0370007
0 0.472622 0.459111 0.0427093 0.0433924
0 0.442113 0.110286 0.0545877 0.0549411
0 0.841761 0.383114 0.0363998 0.0367495
0 0.83877 0.17204 0.0490376 0.0493867
0 0.866686 0.531265 0.05797 0.0430886
0 0.239558 0.985382 0.0871755 0.0292364
0 0.393199 0.208179 0.0513335 0.0522504
0 0.434186 0.546892 0.0398776 0.0417442
0 0.344426 0.557049 0.0309188 0.0320674
0 0.435599 0.240724 0.039153 0.0396932
0 0.926546 0.176972 0.0637646 0.0635575
0 0.806837 0.148507 0.0532036 0.0517342
0 0.448187 0.545356 0.0398223 0.0400954
0 0.725255 0.2253 0.0368484 0.0381227
0 0.332305 0.55786 0.0330748 0.0332269
0 0.733248 0.26996 0.0406789 0.0404126
0 0.75104 0.728895 0.0329649 0.0328016
0 0.776323 0.401174 0.0668052 0.0652734
0 0.440008 0.0969405 0.0593056 0.0604007
0 0.700765 0.179247 0.0734054 0.0685977
0 0.718955 0.269991 0.0430327 0.0424353
0 0.12276 0.67457 0.0440818 0.0469772
0 0.792441 0.148044 0.0516716 0.052747
0 0.284238 0.485383 0.0371523 0.0384098
0 0.828688 0.380733 0.0372639 0.0372168
0 0.912298 0.256502 0.0477829 0.0468707
0 0.522987 0.259558 0.0369747 0.0402102
0 0.318433 0.204639 0.0311018 0.0332093
0 0.650823 0.336245 0.0540452 0.0554357
0 0.456534 0.457519 0.0379116 0.0371253
0 0.606321 0.149922 0.0401524 0.0408304
0 0.150212 0.315296 0.0551574 0.0552394
0 0.537544 0.25735 0.0385847 0.0397327
0 0.421403 0.241206 0.0395098 0.0408664
0 0.534606 0.36903 0.0450253 0.0462571
