0 0.742199 0.960925 0.0953402 0.0781511
0 0.943671 0.920581 0.0996878 0.100964
0 0.962059 0.629933 0.0754715 0.103595
0 0.103051 0.739435 0.107335 0.107093
0 0.311631 0.707111 0.125787 0.122823
0 0.742906 0.398299 0.105137 0.105383
0 0.392826 0.983906 0.124533 0.0321875
0 0.0435442 0.649312 0.0870884 0.105022
0 0.907817 0.854914 0.0964268 0.096475
0 0.140593 0.606954 0.104062 0.102862
0 0.936752 0.46036 0.100737 0.101409
0 0.6699 0.965832 0.112287 0.0683362
0 0.422938 0.853007 0.102052 0.102517
0 0.0355835 0.527852 0.0710078 0.0959845
0 0.0760735 0.851465 0.108726 0.107086
0 0.82805 0.755763 0.103128 0.104563
0 0.411132 0.741339 0.0795574 0.0791025
0 0.35601 0.382038 0.111166 0.107578
0 0.538632 0.723925 0.0642286 0.066304
0 0.760354 0.635749 0.105066 0.10794
0 0.822189 0.52525 0.101606 0.104806
0 0.198092 0.819014 0.0957969 0.0983948
0 0.498358 0.726745 0.0879295 0.0873647
0 0.736456 0.845916 0.103585 0.102722
0 0.862742 0.889972 0.0763615 0.0760002
0 0.024422 0.891739 0.0488439 0.101712
0 0.397564 0.741362 0.0781678 0.0775266
0 0.700458 0.787429 0.0403814 0.0406425
0 0.554011 0.526333 0.0939968 0.0935842
0 0.508991 0.865633 0.0721575 0.0722815
0 0.483632 0.725193 0.0873568 0.0889758
0 0.47188 0.523835 0.0777123 0.0780223
0 0.837666 0.676653 0.0736424 0.072585
0 0.613341 0.620612 0.0723372 0.0725919
0 0.68922 0.645584 0.080776 0.0816259
0 0.456513 0.522853 0.0776522 0.0775348
0 0.409844 0.66392 0.0660525 0.0655708
0 0.495781 0.864893 0.0742353 0.0723347
0 0.134772 0.51069 0.107144 0.108843
0 0.399282 0.465273 0.0863888 0.0888133
0 0.649692 0.780246 0.0622263 0.0618596
0 0.600225 0.619716 0.0729666 0.0728725
0 0.459865 0.683942 0.072241 0.0706521
0 0.66402 0.780403 0.0620085 0.061292
0 0.261492 0.83582 0.0506679 0.0508771
0 0.473588 0.684579 0.0733502 0.0737857
0 0.114602 0.252303 0.0706194 0.070906
0 0.675631 0.644551 0.0809792 0.0824427
0 0.652755 0.46722 0.0895255 0.0888736
0 0.795761 0.947379 0.0686062 0.0671135
0 0.53848 0.527145 0.0952089 0.0969243
0 0.667637 0.465943 0.0904643 0.0903665
0 0.32301 0.498064 0.0693533 0.0700696
0 0.604523 0.933818 0.0601029 0.060375
0 0.348355 0.678864 0.0470909 0.0473348
0 0.617323 0.933799 0.0614571 0.0600975
0 0.396715 0.663424 0.0673784 0.0661756
0 0.883758 0.365233 0.080018 0.081609
0 0.487298 0.952191 0.069917 0.0707724
0 0.262533 0.212765 0.0738826 0.076111
0 0.362342 0.678784 0.0465254 0.0466307
0 0.276231 0.21165 0.0758596 0.0769967
0 0.501968 0.951665 0.0699 0.070771
0 0.275783 0.83594 0.050492 0.0504987
0 0.686311 0.786347 0.038273 0.040699
0 0.849351 0.890343 0.076329 0.0775317
0 0.10159 0.251673 0.0693579 0.0692673
0 0.524905 0.725256 0.0626848 0.0662218
0 0.182306 0.819496 0.0969751 0.0953498
0 0.66978 0.148041 0.0825204 0.082678
0 0.423255 0.0793509 0.0757229 0.0762031
0 0.272998 0.466472 0.0776401 0.0760588
0 0.653863 0.146961 0.0825868 0.0832074
0 0.384587 0.466157 0.0876425 0.089139
0 0.672325 0.590618 0.0765703 0.0759158
0 0.869317 0.366737 0.0796547 0.0820665
0 0.293231 0.367951 0.0719405 0.0702464
0 0.308715 0.496528 0.069489 0.0697834
0 0.257731 0.46764 0.0759548 0.0766064
0 0.537069 0.911341 0.048155 0.0481878
0 0.890486 0.596601 0.0662136 0.0673607
0 0.59142 0.195797 0.0804073 0.080796
0 0.25198 0.682562 0.0461236 0.0453093
0 0.277689 0.368816 0.0707869 0.0712561
0 0.912991 0.220338 0.0778484 0.0778027
0 0.949922 0.453732 0.0984011 0.0996673
0 0.825028 0.67716 0.0716426 0.0723796
0 0.522542 0.911355 0.0473204 0.0474144
0 0.358931 0.605306 0.0453131 0.0439462
0 0.57727 0.197014 0.0793459 0.0809846
0 0.89851 0.221399 0.0788956 0.0799682
0 0.155792 0.858725 0.0568506 0.058468
0 0.761969 0.236949 0.0668315 0.0694272
0 0.876434 0.596544 0.0666351 0.0670069
0 0.139715 0.859653 0.0574278 0.0606066
0 0.211192 0.23088 0.0791966 0.0781139
0 0.23419 0.667402 0.0506276 0.051867
0 0.408153 0.0790673 0.0756872 0.0759969
0 0.188305 0.227727 0.0900663 0.0868393
0 0.446529 0.418335 0.0848162 0.0872845
0 0.431967 0.418153 0.0831343 0.0863606
0 0.34486 0.605394 0.0434417 0.0441227
0 0.314353 0.172091 0.0733171 0.0742348
0 0.808398 0.531741 0.101388 0.101864
0 0.159382 0.992832 0.080396 0.0143353
0 0.917606 0.692085 0.0583633 0.0587339
0 0.258685 0.430091 0.0649021 0.0664162
0 0.245297 0.4287 0.0665916 0.0646416
0 0.219701 0.666436 0.0478436 0.0484383
0 0.188957 0.358966 0.053695 0.053997
0 0.39665 0.988309 0.123965 0.0233819
0 0.693953 0.261528 0.033991 0.0344612
0 0.684536 0.587159 0.0739621 0.0741608
0 0.238506 0.681991 0.0467328 0.045062
0 0.10074 0.386208 0.0932555 0.0939113
0 0.54339 0.340305 0.0485139 0.0494943
0 0.905057 0.692465 0.0570087 0.0582288
0 0.512857 0.267894 0.0853907 0.0865539
0 0.303296 0.661166 0.0758092 0.0747028
0 0.597276 0.466619 0.0627787 0.0622443
0 0.299661 0.170936 0.0739303 0.0745489
0 0.173938 0.359374 0.0529186 0.0537021
0 0.747773 0.237118 0.0684648 0.0692856
0 0.0162132 0.364638 0.032294 0.0588711
0 0.529825 0.338459 0.0517561 0.0517831
0 0.350327 0.212649 0.0747537 0.0740767
0 0.671265 0.976409 0.109902 0.0471821
0 0.123011 0.518794 0.103275 0.10465
0 0.497476 0.262763 0.0839857 0.0846565
0 0.790789 0.349226 0.0753576 0.0753359
0 0.198104 0.234991 0.075797 0.077266
0 0.466286 0.331874 0.0642982 0.0622698
0 0.678932 0.261387 0.0333101 0.0345191
