0 0.917996 0.532967 0.164007 0.191009
0 0.0619199 0.797958 0.12384 0.154294
0 0.940353 0.826851 0.119293 0.144713
0 0.541771 0.487396 0.163176 0.160726
0 0.382171 0.828718 0.15874 0.160678
0 0.378206 0.330896 0.155619 0.158761
0 0.931009 0.947644 0.137982 0.104713
0 0.765625 0.831097 0.122197 0.120143
0 0.53334 0.861629 0.156302 0.157543
0 0.764937 0.438832 0.16099 0.16039
0 0.658102 0.95432 0.136004 0.0913604
0 0.15868 0.651774 0.135603 0.135377
0 0.0997019 0.382991 0.132778 0.132287
0 0.659373 0.418676 0.113117 0.113107
0 0.706301 0.737334 0.121497 0.121183
0 0.554307 0.39644 0.13378 0.134448
0 0.887274 0.100725 0.129018 0.129161
0 0.159834 0.173859 0.106333 0.10634
0 0.0812119 0.0454652 0.110142 0.0909303
0 0.961185 0.219432 0.0775734 0.128627
0 0.0361701 0.966292 0.0722587 0.0674161
0 0.287508 0.274154 0.0825227 0.0816722
0 0.0432405 0.505313 0.0860853 0.150157
0 0.272182 0.273908 0.0810928 0.079829
0 0.629633 0.525107 0.092675 0.0932981
0 0.187485 0.399563 0.0722468 0.0701199
0 0.142993 0.173774 0.105461 0.10184
0 0.448655 0.983712 0.114186 0.0319033
0 0.671366 0.560237 0.0835942 0.086106
0 0.377899 0.12147 0.1359 0.138488
0 0.730019 0.248779 0.0486035 0.0486972
0 0.0426471 0.956504 0.0852942 0.0869342
0 0.957615 0.966086 0.0837807 0.0678223
0 0.66733 0.0434731 0.10453 0.0869462
0 0.437307 0.548111 0.0638395 0.064769
0 0.656147 0.557794 0.0836975 0.084883
0 0.0435241 0.97462 0.0828744 0.0507085
0 0.629956 0.182623 0.0555217 0.0550698
0 0.971867 0.957023 0.0553926 0.0835518
0 0.944252 0.962458 0.109125 0.075085
0 0.438247 0.980498 0.125468 0.0390038
0 0.422679 0.548659 0.0640267 0.0642339
0 0.676058 0.960462 0.161923 0.0789738
0 0.715789 0.248319 0.0491404 0.0496573
0 0.800774 0.169344 0.0628691 0.063493
0 0.198152 0.537428 0.0711377 0.0705491
0 0.521289 0.0865984 0.0667063 0.0679541
0 0.172775 0.400755 0.0714753 0.0711839
0 0.955053 0.954168 0.0890045 0.0898824
0 0.57175 0.989357 0.0770222 0.0212852
0 0.614548 0.182759 0.0534966 0.053936
0 0.78565 0.168854 0.0640568 0.0642422
0 0.306108 0.137303 0.0804439 0.0792488
0 0.880187 0.394137 0.0951069 0.0939376
0 0.18419 0.538569 0.0709303 0.0710945
0 0.504512 0.08827 0.0681944 0.0680361
0 0.949874 0.972989 0.0996075 0.053965
0 0.448639 0.514893 0.0594633 0.0621316
0 0.748195 0.0329003 0.0978637 0.0658006
0 0.63939 0.514408 0.0934952 0.0907711
0 0.962447 0.944243 0.075107 0.111514
0 0.292 0.136869 0.0808219 0.0806445
0 0.924782 0.959918 0.149039 0.0797721
0 0.0498726 0.980118 0.0997451 0.0397059
0 0.434056 0.512402 0.0576654 0.0579414
0 0.195658 0.115836 0.0517618 0.050785
0 0.0584636 0.968628 0.114364 0.0612381
0 0.0323403 0.946589 0.0646805 0.104095
0 0.0542556 0.941106 0.107603 0.117788
0 0.926177 0.970973 0.147646 0.057825
