0 0.0744187 0.828689 0.122179 0.120479
0 0.88353 0.452047 0.115537 0.116655
0 0.922936 0.761394 0.127025 0.122586
0 0.155077 0.689762 0.119782 0.119906
0 0.910323 0.916136 0.124783 0.125262
0 0.921898 0.355772 0.0962147 0.0968089
0 0.402133 0.946789 0.10515 0.100703
0 0.0677476 0.550952 0.101873 0.102991
0 0.732636 0.307972 0.116666 0.117137
0 0.0471493 0.338094 0.0940408 0.102916
0 0.092066 0.963136 0.0936101 0.0737283
0 0.894034 0.21988 0.101188 0.101645
0 0.319623 0.948722 0.0992484 0.0964826
0 0.425092 0.598876 0.120379 0.117365
0 0.254479 0.5025 0.109584 0.108684
0 0.228177 0.263633 0.103754 0.103962
0 0.906986 0.129984 0.104162 0.104371
0 0.695246 0.515434 0.0980913 0.0988532
0 0.802538 0.800834 0.0971745 0.0972127
0 0.692056 0.857246 0.0980824 0.0964012
0 0.60599 0.565763 0.100857 0.101461
0 0.425554 0.219112 0.0777445 0.0791143
0 0.541401 0.713932 0.0792827 0.0792192
0 0.409922 0.449152 0.115539 0.11413
0 0.661859 0.681213 0.108729 0.110044
0 0.55115 0.404815 0.0770613 0.0772987
0 0.590828 0.894556 0.0909643 0.0907865
0 0.487444 0.40677 0.0797878 0.0787137
0 0.822571 0.131559 0.106155 0.106869
0 0.359243 0.790367 0.092499 0.0920837
0 0.430642 0.737813 0.0915512 0.0902788
0 0.473393 0.406793 0.0778126 0.0786296
0 0.800452 0.397821 0.087809 0.0846812
0 0.529149 0.527253 0.103423 0.102407
0 0.526882 0.713696 0.07883 0.0780034
0 0.411248 0.219187 0.0761614 0.0776332
0 0.663658 0.969401 0.0958586 0.0611989
0 0.41005 0.842493 0.052014 0.0525077
0 0.564742 0.405095 0.0777322 0.0779834
0 0.473217 0.697559 0.0454439 0.0467799
0 0.424442 0.842862 0.0506481 0.0509298
0 0.828653 0.505699 0.06493 0.0661791
0 0.977403 0.515389 0.045195 0.0807162
0 0.305099 0.225205 0.0890408 0.090443
0 0.499092 0.292484 0.0725642 0.0727893
0 0.648831 0.302318 0.0816142 0.0826548
0 0.514262 0.292586 0.0722622 0.0722656
0 0.415013 0.737976 0.0886825 0.0880425
0 0.486361 0.697406 0.0452574 0.0457742
0 0.371436 0.332676 0.104943 0.107253
0 0.261256 0.97708 0.100468 0.0458401
0 0.13499 0.124612 0.0833411 0.0848592
0 0.0383635 0.491355 0.0759209 0.0998996
0 0.502322 0.168989 0.0908891 0.0905718
0 0.468025 0.283587 0.0727983 0.0704642
0 0.44233 0.351632 0.0523774 0.0524054
0 0.456751 0.350959 0.0518408 0.0514095
0 0.270712 0.596028 0.0441797 0.0451319
0 0.347453 0.568717 0.0651619 0.0650197
0 0.729946 0.648726 0.0519714 0.0514745
0 0.36131 0.5678 0.0645773 0.0655847
0 0.570125 0.268106 0.0748335 0.0748313
0 0.584618 0.267796 0.0736086 0.0755605
0 0.851589 0.606062 0.0805021 0.079084
0 0.235201 0.848129 0.0729766 0.0735542
0 0.256357 0.596457 0.0444264 0.0447698
0 0.81402 0.505227 0.0658949 0.0669594
0 0.11759 0.259946 0.0843386 0.085839
0 0.715286 0.649044 0.0529711 0.0529463
0 0.837388 0.605669 0.0796686 0.0784096
0 0.0487582 0.16869 0.0962009 0.104548
0 0.162335 0.988191 0.116268 0.0236184
0 0.634256 0.3028 0.0801631 0.0809379
0 0.0275947 0.600863 0.0551895 0.104062
0 0.750326 0.708745 0.0619307 0.0604584
0 0.248742 0.848459 0.0720514 0.0736867
0 0.715665 0.3617 0.0769127 0.0795398
0 0.327898 0.417784 0.0676305 0.0665757
0 0.736394 0.709944 0.0613955 0.0615529
0 0.48759 0.167421 0.0890312 0.0909593
0 0.314034 0.419765 0.0664263 0.0673417
0 0.370926 0.140122 0.0543401 0.0545295
0 0.720287 0.0435142 0.106446 0.0870285
0 0.886841 0.655999 0.0514948 0.0529266
0 0.899409 0.655597 0.0519455 0.053537
0 0.120696 0.123746 0.0821413 0.0832947
0 0.70111 0.360479 0.0787636 0.0788331
0 0.356236 0.140242 0.0537707 0.0539052
0 0.679118 0.26404 0.11093 0.107994
0 0.648374 0.971164 0.101038 0.0576729
0 0.763093 0.436537 0.0589475 0.0595889
0 0.0302357 0.976149 0.0602184 0.0477016
0 0.568163 0.075876 0.069494 0.070201
0 0.191571 0.227419 0.0831919 0.0832856
0 0.025054 0.971126 0.0501079 0.0567632
0 0.178863 0.440472 0.083588 0.0855796
0 0.318414 0.166313 0.0639043 0.0633538
0 0.149717 0.989812 0.117442 0.0202594
0 0.0344483 0.965734 0.0676347 0.0679971
0 0.969314 0.973887 0.0609699 0.0510569
0 0.583265 0.192817 0.0795521 0.0825603
0 0.553083 0.0758982 0.06936 0.0714592
0 0.194527 0.36291 0.0745552 0.0735527
0 0.616881 0.498493 0.0823118 0.0820446
0 0.180432 0.362427 0.0726361 0.0736406
0 0.984605 0.513872 0.0307898 0.0783014
0 0.475134 0.986268 0.0759733 0.027464
0 0.305031 0.167702 0.0635004 0.064339
0 0.698511 0.260879 0.0930445 0.0923471
0 0.429634 0.022977 0.0878384 0.0459351
0 0.634067 0.0580372 0.0580856 0.0573347
0 0.0623386 0.190006 0.0827204 0.0841287
0 0.174177 0.983567 0.109788 0.0328659
0 0.749213 0.436784 0.0587384 0.0594591
0 0.503452 0.0150112 0.0732666 0.0298658
0 0.0373835 0.979807 0.0706899 0.0401466
0 0.476405 0.980313 0.0867587 0.0393733
0 0.961445 0.964289 0.0762495 0.0705237
0 0.957145 0.977044 0.083762 0.0459131
0 0.327365 0.939294 0.0811663 0.0810089
0 0.429826 0.0164354 0.0850256 0.0328011
0 0.0586544 0.15895 0.0879135 0.0911238
0 0.155408 0.982843 0.127748 0.0343137
0 0.221885 0.987129 0.108902 0.0257426
0 0.458002 0.98582 0.0861061 0.0283602
0 0.165013 0.438439 0.0836471 0.0856958
0 0.0304456 0.953119 0.0608913 0.0925318
0 0.0762818 0.193298 0.0802873 0.0804647
0 0.961859 0.262812 0.0762824 0.106328
