0 0.688012 0.778735 0.22601 0.224208
0 0.0751537 0.470635 0.150307 0.172247
0 0.671525 0.356641 0.172091 0.173489
0 0.450477 0.572767 0.144007 0.143061
0 0.278016 0.661577 0.198002 0.199404
0 0.433608 0.357913 0.148737 0.147451
0 0.223263 0.526228 0.143374 0.14331
0 0.226999 0.913036 0.315211 0.172349
0 0.950459 0.962735 0.0981195 0.0744453
0 0.0589518 0.938099 0.117713 0.123803
0 0.926041 0.947081 0.147714 0.105837
0 0.0828637 0.918243 0.165727 0.160766
0 0.458386 0.867185 0.126883 0.122137
0 0.649266 0.612546 0.135492 0.131761
0 0.0401208 0.953313 0.0802415 0.0921733
0 0.78358 0.588387 0.174239 0.172167
0 0.466214 0.964261 0.164268 0.0714785
0 0.942666 0.954117 0.114271 0.090464
0 0.0551262 0.956304 0.109871 0.0873912
0 0.932319 0.969068 0.127 0.0616005
0 0.909091 0.928796 0.181817 0.140988
0 0.553808 0.119228 0.126131 0.131231
0 0.197115 0.339994 0.0960516 0.0980345
0 0.10076 0.904061 0.201519 0.190109
0 0.106709 0.313115 0.105672 0.105755
0 0.180993 0.338238 0.0967588 0.0974854
0 0.40996 0.678589 0.100305 0.0979851
0 0.0860969 0.252674 0.0985405 0.0987034
0 0.592769 0.181243 0.0794171 0.0792632
0 0.959154 0.951775 0.0809084 0.0950684
0 0.606305 0.181754 0.0777403 0.0784628
0 0.0867408 0.947693 0.167827 0.104614
0 0.921683 0.961896 0.156633 0.0762075
0 0.78564 0.947559 0.160023 0.104883
0 0.923533 0.968972 0.152934 0.0614138
0 0.557644 0.562573 0.0686374 0.0695244
0 0.0605954 0.968255 0.118121 0.0634892
0 0.552454 0.134617 0.111576 0.112403
0 0.45533 0.136328 0.11829 0.119174
0 0.929626 0.976772 0.140748 0.0457558
0 0.543355 0.562641 0.0713912 0.0701686
0 0.0166299 0.675321 0.0332301 0.120943
0 0.950674 0.942027 0.0979633 0.115946
0 0.0214995 0.677274 0.0428403 0.134864
0 0.369796 0.0648831 0.0886362 0.0887747
0 0.890204 0.905099 0.218846 0.18534
0 0.185987 0.902871 0.292374 0.194258
0 0.355325 0.0662153 0.0863078 0.0878978
0 0.396368 0.683149 0.0975144 0.0938596
0 0.31634 0.471502 0.14305 0.143002
0 0.86558 0.677039 0.113789 0.112674
0 0.516856 0.500861 0.0716175 0.0711922
0 0.458183 0.9757 0.150579 0.0486
0 0.213583 0.125946 0.0659861 0.0670163
0 0.947371 0.918681 0.105258 0.15665
0 0.854783 0.920364 0.287444 0.159272
0 0.132441 0.864613 0.263421 0.26923
0 0.872791 0.662094 0.124671 0.122337
0 0.0727296 0.975405 0.145459 0.0491202
0 0.0532871 0.913666 0.106334 0.16919
0 0.957988 0.117431 0.0823792 0.0954361
0 0.0346474 0.939308 0.0692947 0.1187
0 0.898215 0.955071 0.199585 0.0898579
0 0.895977 0.245826 0.109776 0.113266
0 0.815174 0.25178 0.0803074 0.0791023
0 0.328997 0.457783 0.13051 0.131986
0 0.502966 0.504752 0.0762293 0.0808234
