0 0.915127 0.765776 0.0906773 0.0885524
0 0.051205 0.889396 0.10087 0.104822
0 0.0372959 0.501764 0.0745025 0.110773
0 0.338976 0.577261 0.106105 0.107154
0 0.068346 0.622249 0.107233 0.106994
0 0.896692 0.894374 0.0915905 0.0898343
0 0.0291326 0.739005 0.0582651 0.109932
0 0.710667 0.763709 0.115612 0.11561
0 0.692722 0.667873 0.099152 0.100381
0 0.0368535 0.324846 0.0732094 0.107027
0 0.0930635 0.757417 0.0991308 0.100451
0 0.347641 0.857504 0.0843687 0.0862785
0 0.530247 0.764508 0.106336 0.110911
0 0.18871 0.976258 0.107258 0.0471957
0 0.206768 0.71352 0.0907082 0.0910099
0 0.160055 0.912349 0.100585 0.098808
0 0.562714 0.979508 0.0584688 0.040985
0 0.550175 0.979546 0.0572569 0.0409091
0 0.407491 0.903866 0.0447543 0.0460912
0 0.654112 0.981359 0.0884211 0.0372828
0 0.839363 0.498868 0.0671305 0.0689236
0 0.570164 0.62527 0.0720583 0.0717087
0 0.61741 0.799712 0.0766789 0.0776103
0 0.460363 0.850751 0.0679783 0.0675016
0 0.782639 0.403733 0.0979154 0.0996451
0 0.393439 0.904236 0.0464915 0.0454568
0 0.236701 0.257238 0.0787343 0.0763786
0 0.921096 0.640749 0.0830879 0.086659
0 0.522781 0.34563 0.0847065 0.0834896
0 0.510029 0.928191 0.0762095 0.0764688
0 0.875113 0.710902 0.0782558 0.0785144
0 0.577956 0.5524 0.0815575 0.0818893
0 0.44668 0.850668 0.0668859 0.0675353
0 0.274084 0.66743 0.0758116 0.0760546
0 0.768188 0.832707 0.0915756 0.0919291
0 0.631122 0.1972 0.0684668 0.068718
0 0.826361 0.498792 0.068541 0.0690701
0 0.507992 0.345705 0.0824579 0.0842527
0 0.573571 0.886491 0.0614691 0.0617266
0 0.733301 0.914779 0.0785137 0.0789215
0 0.32353 0.962869 0.0557837 0.0563838
0 0.462387 0.734315 0.0635698 0.0641975
0 0.38992 0.69146 0.0897721 0.08905
0 0.461277 0.231211 0.0839828 0.0839782
0 0.765111 0.578892 0.0476274 0.0494952
0 0.560381 0.885891 0.0610353 0.0619957
0 0.15665 0.566728 0.0813541 0.0822754
0 0.603204 0.799512 0.076516 0.0763795
0 0.509142 0.505284 0.0690044 0.0703711
0 0.516888 0.637663 0.0697243 0.0703463
0 0.258698 0.610661 0.0882074 0.087601
0 0.171162 0.56687 0.0824805 0.0816681
0 0.16575 0.119283 0.0808573 0.0814088
0 0.855479 0.589528 0.072226 0.0713763
0 0.638178 0.722156 0.0635448 0.0622135
0 0.243379 0.43696 0.0804098 0.0822124
0 0.224495 0.86421 0.0518901 0.0515704
0 0.382647 0.523455 0.0880332 0.087824
0 0.867776 0.215196 0.0708561 0.0708521
0 0.309779 0.962259 0.0565115 0.056107
0 0.350293 0.115298 0.0842125 0.0841701
0 0.542862 0.17969 0.082098 0.0818283
0 0.471503 0.435646 0.0549767 0.0550817
0 0.842338 0.589534 0.0719482 0.0709082
0 0.496826 0.929378 0.075943 0.0762933
0 0.260861 0.666005 0.0783636 0.0772839
0 0.399818 0.831956 0.0549084 0.05516
0 0.412957 0.831981 0.0540054 0.0547323
0 0.402184 0.421272 0.0701073 0.0706151
0 0.416061 0.422778 0.0719284 0.070378
0 0.348884 0.230761 0.0628102 0.0627908
0 0.929052 0.267548 0.0758915 0.077718
0 0.462258 0.985887 0.10401 0.027931
0 0.528582 0.179582 0.079864 0.0817094
0 0.3671 0.922227 0.0514143 0.0511704
0 0.458282 0.436023 0.0551031 0.054749
0 0.720868 0.621846 0.0610746 0.0626717
0 0.496222 0.505691 0.0692064 0.0700908
0 0.238508 0.864018 0.0506124 0.0514117
0 0.56519 0.722521 0.0687309 0.0680477
0 0.449061 0.734264 0.0627796 0.0635
0 0.280852 0.848675 0.0410142 0.0418048
0 0.334223 0.114978 0.0844886 0.0850199
0 0.120014 0.442262 0.0840839 0.0850661
0 0.244597 0.608732 0.0859394 0.0846829
0 0.450837 0.513148 0.0598754 0.0607393
0 0.636798 0.551567 0.0653279 0.0652494
0 0.563507 0.551971 0.0817038 0.0813929
0 0.229944 0.437665 0.0786525 0.0796252
0 0.519042 0.417868 0.0390121 0.039016
0 0.222947 0.256928 0.0775623 0.0784052
0 0.173197 0.256168 0.0413072 0.0422329
0 0.322759 0.668798 0.0442278 0.0442556
0 0.885753 0.466869 0.0715242 0.0722322
0 0.44242 0.951123 0.038122 0.0360085
0 0.752332 0.578711 0.0471161 0.0485026
0 0.186238 0.256615 0.0429358 0.0426282
0 0.353256 0.922217 0.0520139 0.0514235
0 0.930856 0.490914 0.0605677 0.0620707
0 0.292958 0.284086 0.0793989 0.0783789
0 0.503097 0.63786 0.0708483 0.0702344
0 0.619065 0.19787 0.0674686 0.0695354
0 0.650357 0.550956 0.0660923 0.0665518
0 0.41945 0.290243 0.0744331 0.0750874
0 0.309043 0.669012 0.0435556 0.0456965
0 0.624748 0.721159 0.0619864 0.0614604
0 0.332968 0.856811 0.0831716 0.0835526
0 0.335835 0.230458 0.0618624 0.0623054
0 0.357183 0.318957 0.0789223 0.0758219
0 0.853941 0.21582 0.0705767 0.0715154
0 0.917536 0.491297 0.0607529 0.0621259
0 0.557199 0.624824 0.0712288 0.0720395
0 0.7326 0.621388 0.0621234 0.0628848
0 0.151885 0.117762 0.0817706 0.082294
0 0.278771 0.283349 0.0787581 0.0779354
0 0.971364 0.308384 0.0526257 0.0510764
0 0.564885 0.400358 0.055604 0.0549764
0 0.507451 0.418356 0.0398962 0.0400152
0 0.611898 0.702234 0.0471735 0.0480698
0 0.481453 0.152256 0.0764027 0.0764273
0 0.370173 0.3188 0.0775872 0.0781127
0 0.439555 0.512644 0.0608954 0.0600806
0 0.427526 0.951493 0.0367851 0.0371362
0 0.549944 0.400597 0.0556019 0.0544229
0 0.44598 0.230991 0.0851851 0.0849034
0 0.267161 0.848446 0.0412023 0.0416334
0 0.367547 0.522835 0.0860958 0.0868567
0 0.21908 0.490058 0.0547927 0.056514
0 0.404713 0.290771 0.0739844 0.0753084
0 0.828502 0.882715 0.0568611 0.0576052
0 0.447403 0.776554 0.0410505 0.0415541
0 0.582111 0.202211 0.0567171 0.0584075
0 0.205068 0.490457 0.0561673 0.0564079
0 0.333441 0.794432 0.050011 0.0486491
0 0.592866 0.24944 0.0547548 0.055163
0 0.455615 0.0254868 0.0621855 0.0509735
0 0.495618 0.15263 0.0749575 0.0740993
0 0.234829 0.374596 0.0691075 0.069475
0 0.600393 0.701662 0.0476574 0.0462316
0 0.296671 0.52581 0.0658886 0.0665644
0 0.959402 0.974607 0.0809933 0.0504613
0 0.551455 0.723855 0.0694433 0.0679906
0 0.519411 0.287156 0.0476425 0.048011
0 0.604186 0.249736 0.053546 0.0539119
0 0.783586 0.330759 0.0802822 0.0813333
0 0.310483 0.526697 0.0638163 0.0661898
0 0.43354 0.776396 0.0412815 0.0415198
0 0.88389 0.983933 0.0583233 0.0321198
0 0.815855 0.882361 0.0590283 0.057653
0 0.318726 0.793993 0.0512609 0.050471
0 0.356576 0.448494 0.0559095 0.0562125
0 0.915805 0.270419 0.0773861 0.0785957
0 0.679398 0.444211 0.0739983 0.0734456
0 0.880509 0.829764 0.0651915 0.0650064
0 0.609814 0.406222 0.0640633 0.0652862
0 0.441343 0.0256683 0.0633488 0.0513367
0 0.0865496 0.110542 0.0720729 0.0709837
0 0.969204 0.634303 0.0615288 0.0814685
0 0.95797 0.308773 0.0489159 0.0495851
0 0.842981 0.0837869 0.0634926 0.0630821
0 0.167318 0.321248 0.0463866 0.0465844
0 0.106063 0.440282 0.0834313 0.084779
0 0.566444 0.203747 0.0568369 0.0578465
0 0.07393 0.110914 0.0702683 0.0716309
0 0.505566 0.287843 0.0468737 0.0469658
0 0.224344 0.372086 0.0678831 0.0700309
0 0.685352 0.534569 0.043708 0.0430758
0 0.624238 0.407557 0.0631151 0.0635877
0 0.974699 0.974629 0.0505205 0.0497571
0 0.861196 0.710949 0.0778873 0.0791175
0 0.869319 0.827985 0.065892 0.062751
0 0.280908 0.220471 0.0647381 0.0670848
0 0.375478 0.689721 0.0864367 0.0872331
0 0.849999 0.157989 0.0496338 0.0507637
0 0.468349 0.980911 0.101084 0.0380105
0 0.666261 0.444619 0.0738771 0.0738758
0 0.343046 0.448853 0.0553194 0.0549517
0 0.11915 0.361477 0.07867 0.079996
0 0.294077 0.220255 0.0657723 0.0631121
0 0.830517 0.0841862 0.0661549 0.0635507
0 0.694458 0.152948 0.0792749 0.0775419
0 0.973041 0.254263 0.0539181 0.0886999
0 0.679578 0.155921 0.0793409 0.0784687
0 0.626819 0.373466 0.0696666 0.0696481
0 0.671667 0.534073 0.0420268 0.0404523
0 0.199143 0.98159 0.104251 0.0367447
0 0.772277 0.330786 0.0748428 0.0754585
0 0.15285 0.321544 0.0454351 0.0480179
0 0.736321 0.479724 0.0488142 0.0485572
0 0.772709 0.253548 0.0529562 0.0533614
0 0.723543 0.48047 0.0495135 0.0489704
0 0.299197 0.0562622 0.0461108 0.0462878
0 0.821311 0.471757 0.0423025 0.0412181
0 0.932418 0.195653 0.0656742 0.0649266
0 0.759414 0.25382 0.0535574 0.0548239
0 0.729877 0.302886 0.0715212 0.0713429
0 0.838455 0.155817 0.0520893 0.0529704
0 0.285544 0.0565151 0.0451328 0.0461724
0 0.56826 0.378476 0.0544077 0.054276
0 0.432007 0.141319 0.0687546 0.0682709
0 0.389168 0.157142 0.0449021 0.0458808
0 0.446077 0.989452 0.09897 0.0210257
0 0.106413 0.360002 0.0783111 0.0792032
0 0.612485 0.0300686 0.082517 0.0597084
0 0.716522 0.305492 0.0703416 0.0697186
0 0.764416 0.104838 0.0488752 0.0488952
0 0.576962 0.380003 0.053932 0.0531934
0 0.908954 0.637214 0.0801052 0.0835898
0 0.359709 0.36846 0.0406929 0.040976
0 0.0939309 0.990995 0.0434121 0.0179225
0 0.597374 0.0306664 0.0850946 0.0612401
0 0.346788 0.368693 0.0406441 0.0408426
0 0.181128 0.369331 0.0547851 0.0554099
0 0.903175 0.45954 0.0768246 0.0765876
0 0.0991607 0.988928 0.062446 0.0217481
0 0.017372 0.731122 0.034718 0.108067
0 0.810402 0.470077 0.0389938 0.0385445
0 0.418394 0.141058 0.0720687 0.074304
0 0.77297 0.65002 0.041511 0.0427076
0 0.0275665 0.150031 0.051235 0.0536238
0 0.821768 0.664693 0.0467108 0.0448774
0 0.0847939 0.990693 0.0407835 0.018551
0 0.376106 0.156571 0.0451746 0.0464192
