0 0.928044 0.448683 0.0943466 0.0926575
0 0.121247 0.663976 0.107199 0.105432
0 0.0381913 0.70105 0.0763826 0.093275
0 0.0705886 0.947692 0.0990701 0.0956802
0 0.870341 0.82871 0.095536 0.0978793
0 0.869873 0.700595 0.0966919 0.0977491
0 0.814574 0.617358 0.0796785 0.0778362
0 0.936015 0.175089 0.0999069 0.0995236
0 0.59282 0.97536 0.108053 0.0489723
0 0.255355 0.875277 0.11002 0.109262
0 0.291906 0.719548 0.0966733 0.0962681
0 0.0815859 0.425404 0.090289 0.0905984
0 0.538712 0.585429 0.0539904 0.0540161
0 0.0936494 0.81466 0.103515 0.104832
0 0.33359 0.264161 0.0862936 0.0858571
0 0.0604987 0.0750125 0.0991585 0.0983313
0 0.414887 0.690017 0.0938629 0.0925425
0 0.841474 0.317549 0.0789143 0.0774619
0 0.32357 0.540969 0.0484933 0.0499288
0 0.629786 0.093181 0.0932448 0.0934694
0 0.63893 0.348857 0.079916 0.0785165
0 0.426422 0.34525 0.0861616 0.0870005
0 0.574218 0.205312 0.0775087 0.0781202
0 0.498827 0.866337 0.0903261 0.0914745
0 0.40476 0.793421 0.09822 0.0970927
0 0.24948 0.61156 0.0845542 0.0826621
0 0.742159 0.43936 0.0815731 0.082146
0 0.372993 0.339019 0.0483679 0.0493769
0 0.441347 0.344988 0.0878432 0.0890338
0 0.545755 0.504941 0.0658326 0.0657372
0 0.318436 0.264178 0.0848563 0.0849341
0 0.251899 0.484808 0.0830904 0.082872
0 0.387957 0.065053 0.0995628 0.100528
0 0.301514 0.346905 0.0643825 0.0640836
0 0.358624 0.339155 0.0502035 0.0499315
0 0.321768 0.594755 0.0382797 0.038328
0 0.48179 0.544456 0.0733941 0.0729546
0 0.33615 0.595173 0.038912 0.0387468
0 0.514717 0.86626 0.0913338 0.0922424
0 0.378101 0.410027 0.0794444 0.0783487
0 0.796278 0.895901 0.0960653 0.0978303
0 0.666277 0.440771 0.0782112 0.0787003
0 0.592822 0.842513 0.0688845 0.0682678
0 0.646972 0.171086 0.071159 0.0719341
0 0.184788 0.560945 0.0820743 0.081577
0 0.632245 0.171198 0.0717629 0.0717417
0 0.357248 0.651569 0.0599026 0.0589055
0 0.308802 0.541489 0.0506454 0.0513948
0 0.239638 0.270018 0.0636963 0.0631504
0 0.430092 0.448259 0.0706593 0.0710833
0 0.0207968 0.232604 0.0415935 0.114037
0 0.501856 0.637688 0.0659009 0.0653751
0 0.657859 0.274293 0.0847277 0.0844013
0 0.444668 0.448842 0.0695465 0.0699258
0 0.264082 0.61094 0.085315 0.0847949
0 0.5236 0.585246 0.0563293 0.0540235
0 0.254812 0.269664 0.063761 0.0624865
0 0.124219 0.325774 0.0815483 0.0821327
0 0.139731 0.325975 0.0829856 0.0826693
0 0.561863 0.320824 0.0636372 0.0626956
0 0.466951 0.544421 0.0715928 0.0717616
0 0.287244 0.346263 0.0642985 0.0645065
0 0.364142 0.410294 0.0771555 0.0763653
0 0.825807 0.315824 0.0772999 0.0784587
0 0.673707 0.927005 0.120385 0.118706
0 0.578846 0.653544 0.0930456 0.0927356
0 0.616534 0.458492 0.0741657 0.0747439
0 0.577753 0.842523 0.0680882 0.0676284
0 0.547442 0.406865 0.0751355 0.0737607
0 0.277864 0.146769 0.0841651 0.0853794
0 0.532953 0.407668 0.075877 0.0739276
0 0.388219 0.794485 0.0991085 0.0977525
0 0.652328 0.440366 0.0788494 0.0799363
0 0.435781 0.915079 0.0851712 0.0850332
0 0.602094 0.458544 0.0751217 0.0752288
0 0.265787 0.485401 0.0845996 0.0850852
0 0.48305 0.185369 0.046771 0.0465126
0 0.387659 0.557548 0.10714 0.106305
0 0.136552 0.92143 0.0866709 0.0861679
0 0.557771 0.150884 0.0703316 0.0680337
0 0.62261 0.348977 0.0801809 0.0789047
0 0.468625 0.185231 0.0478292 0.0465722
0 0.262168 0.147005 0.0836289 0.0842911
0 0.547697 0.320102 0.0633432 0.063831
0 0.420724 0.915171 0.0845045 0.0834152
0 0.758185 0.580312 0.0753504 0.0760175
0 0.716094 0.692509 0.0730137 0.0714167
0 0.960191 0.795239 0.0796174 0.100222
0 0.150761 0.922957 0.0866377 0.0885086
0 0.34201 0.651603 0.0583588 0.0586152
0 0.433249 0.156033 0.0435225 0.0439015
0 0.169399 0.56025 0.0818606 0.0807092
0 0.729709 0.692714 0.0719773 0.0708959
0 0.279389 0.976381 0.0900673 0.0469892
0 0.0196916 0.469293 0.0393781 0.0534692
0 0.490033 0.119819 0.0722629 0.0714361
0 0.542754 0.150233 0.0686316 0.0682715
0 0.614073 0.0924669 0.0909622 0.0930317
0 0.135428 0.151457 0.0465606 0.0470771
0 0.487472 0.637005 0.0644344 0.065578
0 0.530386 0.504821 0.0666925 0.0666452
0 0.192253 0.807918 0.0540217 0.0544291
0 0.487497 0.407905 0.0443876 0.0438105
0 0.155367 0.470298 0.0516907 0.0522177
0 0.558769 0.205383 0.0790016 0.0788984
0 0.771632 0.580438 0.0756505 0.0752391
0 0.323696 0.163144 0.0371501 0.0381396
0 0.169554 0.469965 0.051334 0.0518635
0 0.44742 0.155743 0.0431862 0.0441796
0 0.504485 0.46 0.0459818 0.0456117
0 0.660629 0.527522 0.0562453 0.0559439
0 0.363092 0.723987 0.0465025 0.0470764
0 0.11993 0.151353 0.0468676 0.0468533
0 0.33844 0.16305 0.0379394 0.0383378
0 0.0279379 0.469055 0.0538071 0.0542483
0 0.733258 0.805026 0.0864799 0.0863815
0 0.535466 0.702437 0.0615982 0.0619453
0 0.934228 0.634185 0.0629576 0.0631009
0 0.347679 0.72459 0.0449409 0.0465307
0 0.430278 0.690366 0.0942768 0.0982257
0 0.472452 0.407813 0.0431705 0.0442225
0 0.5513 0.701993 0.0602403 0.0610538
0 0.646522 0.527321 0.0550043 0.0549199
0 0.721075 0.512835 0.0634903 0.0640256
0 0.735516 0.512587 0.0634331 0.0631587
0 0.489541 0.460579 0.0455742 0.04647
0 0.786995 0.520859 0.0713624 0.0713055
0 0.474874 0.119572 0.0715182 0.0701198
0 0.341718 0.937897 0.0815839 0.0789416
0 0.796256 0.143393 0.0658357 0.0642719
0 0.946667 0.63378 0.0615341 0.0626008
0 0.219729 0.773453 0.0462295 0.0471197
0 0.575119 0.768191 0.0714047 0.0719744
0 0.263776 0.976759 0.0925142 0.0464828
0 0.235497 0.774032 0.0458038 0.0462711
0 0.074437 0.328265 0.0659042 0.0679346
0 0.482189 0.957254 0.0606767 0.0612798
0 0.0890169 0.327619 0.064149 0.0674651
0 0.815405 0.425582 0.0444935 0.0438911
0 0.717942 0.804353 0.0852222 0.0874148
0 0.559232 0.769722 0.0707276 0.0701337
0 0.765651 0.657639 0.0626354 0.062967
0 0.810949 0.143571 0.065263 0.0655898
0 0.780289 0.657839 0.0616859 0.0628426
0 0.964016 0.280349 0.0619331 0.0608423
0 0.951279 0.281062 0.0596565 0.0603432
0 0.9177 0.961744 0.108765 0.0765127
0 0.801921 0.426274 0.043294 0.0441955
0 0.858402 0.468705 0.05956 0.0587156
0 0.191327 0.264579 0.0583248 0.0580035
0 0.497936 0.956618 0.0593061 0.0615939
0 0.177239 0.808054 0.0559971 0.0564538
0 0.63442 0.769339 0.0630726 0.0646067
0 0.344606 0.89734 0.0484282 0.0501681
0 0.582295 0.00929579 0.0658243 0.018517
0 0.962648 0.693943 0.0482347 0.0485086
0 0.511138 0.340332 0.0474188 0.0470344
0 0.619396 0.768342 0.0616831 0.0642904
0 0.839622 0.222739 0.070162 0.0706641
0 0.872461 0.468998 0.0589281 0.0583176
0 0.570352 0.00995427 0.0643294 0.0197648
0 0.223865 0.0274866 0.0615957 0.0549731
0 0.950178 0.693293 0.0489079 0.048999
0 0.198747 0.731809 0.0594274 0.0574659
0 0.495836 0.34142 0.0466388 0.0467262
0 0.85664 0.53782 0.0433132 0.0434432
0 0.32972 0.897141 0.0500695 0.0507187
0 0.37299 0.0597309 0.100897 0.104596
0 0.919355 0.365329 0.0427109 0.0420198
0 0.84343 0.538238 0.0433846 0.0432892
0 0.176253 0.265021 0.0583618 0.0589355
0 0.826124 0.2224 0.0721672 0.072387
0 0.824977 0.736691 0.0535286 0.0535741
0 0.908191 0.365552 0.0415682 0.0418582
0 0.827802 0.389914 0.0366989 0.0380164
0 0.2085 0.0293002 0.0622158 0.0572947
0 0.809155 0.736333 0.0529226 0.0519236
0 0.444078 0.0441194 0.0504983 0.0519547
0 0.355765 0.939091 0.0831093 0.0789734
0 0.813578 0.390946 0.0398741 0.0390963
0 0.184043 0.731684 0.0573376 0.0583715
0 0.428151 0.0446522 0.0517758 0.051695
0 0.48368 0.0316935 0.0856094 0.0630042
0 0.599025 0.985154 0.105367 0.0296916
0 0.102149 0.51457 0.0390635 0.0395855
0 0.930744 0.0342691 0.0808981 0.0682252
0 0.666769 0.678591 0.0330071 0.0333071
0 0.0134139 0.585724 0.0268279 0.104214
0 0.0239993 0.982309 0.0475601 0.0353676
0 0.498863 0.0299121 0.0875723 0.0592387
0 0.142169 0.0108312 0.0461806 0.0210881
0 0.0862103 0.513551 0.0374443 0.0393825
0 0.654175 0.678569 0.0343239 0.033388
0 0.408345 0.985732 0.089429 0.0283766
0 0.469219 0.697743 0.0347206 0.0365423
0 0.772775 0.97623 0.0898512 0.0467489
0 0.798514 0.520308 0.0671654 0.067684
0 0.483962 0.698567 0.0346081 0.0348615
0 0.126148 0.00999577 0.0494284 0.0195992
0 0.710039 0.85884 0.0685242 0.0676128
0 0.188091 0.987248 0.0735705 0.0255047
0 0.722547 0.859427 0.0671984 0.0673856
