0 0.938974 0.914483 0.122052 0.153158
0 0.157343 0.773304 0.125105 0.124845
0 0.897406 0.761445 0.127749 0.124729
0 0.934514 0.35002 0.11995 0.122772
0 0.210323 0.913875 0.108357 0.10661
0 0.106895 0.524371 0.115458 0.114019
0 0.316064 0.907976 0.12979 0.130658
0 0.680365 0.60784 0.119285 0.11749
0 0.810433 0.392034 0.118288 0.117448
0 0.447399 0.947523 0.123682 0.104954
0 0.367364 0.765519 0.128701 0.126613
0 0.248103 0.603019 0.113491 0.11243
0 0.529912 0.525016 0.10994 0.109218
0 0.583331 0.967193 0.125878 0.0656151
0 0.801009 0.585963 0.117384 0.121507
0 0.552364 0.917169 0.102987 0.101571
0 0.429977 0.598093 0.104361 0.104334
0 0.573491 0.310006 0.100606 0.0997747
0 0.0659072 0.873594 0.103873 0.10321
0 0.703469 0.510728 0.109625 0.111742
0 0.293605 0.477788 0.105908 0.104658
0 0.65215 0.89179 0.0987175 0.0971059
0 0.382556 0.422983 0.102532 0.103646
0 0.960892 0.584112 0.0770405 0.0851054
0 0.70174 0.409608 0.0967039 0.0953623
0 0.203414 0.442548 0.0967108 0.0942978
0 0.776561 0.874176 0.124556 0.125929
0 0.816334 0.188104 0.0867882 0.086119
0 0.647642 0.420118 0.081757 0.0803474
0 0.452125 0.803886 0.0786385 0.07879
0 0.525478 0.665148 0.0679544 0.0656311
0 0.0594241 0.507451 0.0869987 0.0854873
0 0.271833 0.386601 0.0740478 0.0745778
0 0.43108 0.221546 0.090629 0.092744
0 0.705885 0.239205 0.087258 0.0886381
0 0.801232 0.751588 0.0614368 0.0597051
0 0.241767 0.752035 0.0921694 0.0909261
0 0.511777 0.665912 0.0681548 0.0680946
0 0.519104 0.435201 0.0722327 0.0710574
0 0.483134 0.698057 0.0768305 0.0746496
0 0.787696 0.751908 0.0615213 0.0605517
0 0.127423 0.220817 0.104867 0.103812
0 0.496743 0.700205 0.0793362 0.076932
0 0.524644 0.801198 0.0686457 0.067747
0 0.028394 0.968358 0.0567881 0.0619874
0 0.538523 0.800925 0.0687964 0.0684795
0 0.466669 0.804451 0.0784325 0.0792186
0 0.407507 0.272604 0.0905408 0.0893301
0 0.360996 0.614124 0.0652789 0.0656911
0 0.614795 0.762254 0.0846643 0.0851288
0 0.484661 0.285904 0.0840989 0.0822839
0 0.445753 0.634316 0.0803694 0.0789647
0 0.148038 0.640279 0.0872461 0.0890483
0 0.46718 0.480909 0.0578527 0.0578783
0 0.931428 0.0730743 0.0802544 0.0804708
0 0.219287 0.159559 0.103989 0.10513
0 0.627061 0.552144 0.0562401 0.0547902
0 0.712764 0.975858 0.0572597 0.048284
0 0.0311621 0.732204 0.0597924 0.0652341
0 0.431581 0.631453 0.0809188 0.0811849
0 0.504969 0.433937 0.0709249 0.0714115
0 0.340542 0.354535 0.0709505 0.070284
0 0.347179 0.613998 0.0638526 0.0638864
0 0.258497 0.386651 0.0743817 0.0735663
0 0.696709 0.773325 0.0857328 0.0820591
0 0.762169 0.971833 0.0504091 0.0502579
0 0.329539 0.697638 0.0506913 0.0501592
0 0.577436 0.549162 0.0706866 0.0701083
0 0.325066 0.354326 0.0706371 0.0707047
0 0.464957 0.427237 0.0770105 0.079467
0 0.449852 0.427658 0.0762943 0.0837338
0 0.589532 0.550434 0.0697552 0.0696824
0 0.452565 0.480593 0.0585356 0.058586
0 0.453945 0.129787 0.0426594 0.0428781
0 0.917376 0.0729489 0.0794834 0.0796677
0 0.41489 0.220368 0.0925568 0.0931432
0 0.775265 0.618603 0.0666031 0.0667422
0 0.323421 0.281728 0.0816711 0.0843432
0 0.392874 0.274336 0.0858441 0.0893367
0 0.632925 0.419586 0.0821605 0.0801793
0 0.226413 0.750625 0.0928701 0.091944
0 0.699703 0.976377 0.0576097 0.0465678
0 0.0415008 0.636751 0.0796271 0.0827021
0 0.141532 0.988384 0.10046 0.0232321
0 0.491035 0.985527 0.0888455 0.0289455
0 0.339151 0.282057 0.083273 0.0843051
0 0.255336 0.268531 0.0652003 0.0648907
0 0.314648 0.697609 0.0504851 0.0508677
0 0.750898 0.97145 0.0492029 0.0495073
0 0.600095 0.761425 0.0858567 0.0853467
0 0.758178 0.370542 0.0674256 0.0685532
0 0.583084 0.128283 0.102077 0.101704
0 0.611315 0.550421 0.0564363 0.0577479
0 0.608667 0.343451 0.0537386 0.0552003
0 0.440028 0.1298 0.0412834 0.0411696
0 0.833997 0.297413 0.0896124 0.0891714
0 0.745136 0.369816 0.0668436 0.067079
0 0.28634 0.151089 0.0536679 0.0523022
0 0.241029 0.269602 0.0659645 0.0657715
0 0.211361 0.327565 0.0498912 0.0505356
0 0.0376175 0.971887 0.0727908 0.0558043
0 0.6524 0.754641 0.0814781 0.0800345
0 0.762318 0.620016 0.0669268 0.0694378
0 0.110556 0.723329 0.055626 0.056764
0 0.681904 0.773915 0.0824951 0.0826607
0 0.559431 0.314612 0.0557003 0.057748
0 0.784052 0.20137 0.0443003 0.0457953
0 0.500749 0.0722185 0.088879 0.0888395
0 0.714671 0.943888 0.0498926 0.0503517
0 0.272597 0.152698 0.0486423 0.0498888
0 0.66374 0.125609 0.0516117 0.0527194
0 0.0966888 0.722223 0.0564499 0.0571927
0 0.377048 0.34722 0.0552836 0.0546701
0 0.490275 0.302923 0.0649931 0.0640837
0 0.702136 0.94531 0.0500993 0.051926
0 0.770972 0.200419 0.0461214 0.0460536
0 0.293652 0.041729 0.0865896 0.0812039
0 0.0801869 0.878936 0.0969746 0.0968048
0 0.168407 0.120813 0.0903509 0.090868
0 0.196247 0.327499 0.0488847 0.0495653
0 0.413271 0.12994 0.0354162 0.0338388
0 0.580689 0.981836 0.118484 0.0363272
0 0.115839 0.405745 0.0831782 0.0842874
0 0.818261 0.294943 0.0852463 0.0857092
0 0.594347 0.342911 0.0540399 0.0558235
0 0.649092 0.126916 0.0534094 0.0536137
0 0.972318 0.400148 0.0552496 0.094501
0 0.964487 0.2099 0.0705593 0.0915823
0 0.185641 0.440511 0.0811379 0.0824817
0 0.130276 0.985267 0.10588 0.0294657
0 0.476559 0.302633 0.066094 0.0656527
0 0.361679 0.347587 0.0522423 0.0529188
0 0.479726 0.982075 0.0821665 0.0358502
0 0.497264 0.286021 0.078228 0.0755062
0 0.144134 0.983487 0.102119 0.0330256
0 0.706524 0.117569 0.0592203 0.0600023
0 0.0409021 0.982862 0.0818043 0.0342771
0 0.263219 0.986885 0.0937332 0.0262301
0 0.0982047 0.640445 0.0376619 0.0389715
0 0.174392 0.43947 0.0757783 0.0763321
0 0.554112 0.986257 0.12191 0.027486
0 0.175165 0.507432 0.061843 0.0615872
0 0.725737 0.0196012 0.0682467 0.0391854
