0 0.437279 0.621755 0.207101 0.203158
0 0.60321 0.56432 0.275679 0.27651
0 0.713397 0.887163 0.299353 0.222068
0 0.0889574 0.901205 0.176868 0.19759
0 0.123953 0.863069 0.247808 0.273863
0 0.0632365 0.912165 0.124491 0.174371
0 0.857856 0.318621 0.186221 0.18631
0 0.485461 0.971866 0.127779 0.0562676
0 0.0344208 0.949807 0.0688417 0.0992747
0 0.893357 0.872073 0.213048 0.255738
0 0.873083 0.841722 0.253674 0.313905
0 0.934329 0.893684 0.130209 0.212378
0 0.150571 0.833384 0.300346 0.329571
0 0.0533418 0.931147 0.106243 0.136217
0 0.403092 0.24673 0.140571 0.140673
0 0.828843 0.798927 0.342314 0.402146
0 0.108401 0.415764 0.177429 0.178267
0 0.180783 0.795906 0.361565 0.408187
0 0.291358 0.530457 0.1494 0.148646
0 0.0757416 0.935542 0.151483 0.128916
0 0.793552 0.744196 0.412896 0.511609
0 0.0308751 0.960743 0.0617502 0.0779676
0 0.25591 0.254843 0.176672 0.174752
0 0.918574 0.920033 0.162853 0.159298
0 0.915075 0.848866 0.169009 0.298429
0 0.156128 0.88692 0.312257 0.226161
0 0.375761 0.314347 0.131385 0.132784
0 0.0487887 0.950186 0.0958214 0.0996283
0 0.20119 0.842649 0.131871 0.13247
0 0.854107 0.909055 0.290753 0.181889
0 0.295039 0.672998 0.10864 0.107478
0 0.158921 0.907076 0.206386 0.185374
0 0.218 0.734757 0.436001 0.530486
0 0.957589 0.941188 0.0840225 0.116228
0 0.849831 0.344611 0.190173 0.184737
0 0.958581 0.966703 0.0828388 0.0665426
0 0.816132 0.870027 0.367736 0.255796
0 0.958315 0.906641 0.0833696 0.186717
0 0.944869 0.948406 0.110214 0.102953
0 0.93919 0.927142 0.12162 0.145716
0 0.945049 0.963912 0.10933 0.0712606
0 0.821991 0.176158 0.0909009 0.0922911
0 0.281635 0.679356 0.106804 0.10649
0 0.246663 0.326847 0.137286 0.138422
0 0.100194 0.94448 0.198671 0.110556
0 0.795689 0.903395 0.405979 0.19321
