0 0.0695365 0.9146 0.138116 0.144204
0 0.757614 0.768348 0.11685 0.117394
0 0.88325 0.828769 0.107878 0.107962
0 0.616867 0.961679 0.12497 0.076642
0 0.672154 0.530254 0.10853 0.107503
0 0.868533 0.975468 0.120655 0.0485892
0 0.26766 0.85214 0.124328 0.122178
0 0.440048 0.597589 0.108682 0.107789
0 0.38554 0.447025 0.085372 0.0855307
0 0.364029 0.72603 0.0964157 0.0961131
0 0.536167 0.666392 0.0934128 0.0936941
0 0.266529 0.590637 0.0989732 0.0995611
0 0.240652 0.975897 0.0622827 0.0482069
0 0.528054 0.569519 0.0890341 0.0922993
0 0.393743 0.972562 0.0622262 0.0546262
0 0.592312 0.820614 0.0998814 0.100689
0 0.0402178 0.744511 0.0793984 0.087367
0 0.599963 0.458019 0.0953836 0.0968447
0 0.517348 0.949207 0.0860064 0.0866816
0 0.163302 0.471001 0.0874108 0.0879726
0 0.22646 0.975659 0.0625891 0.0486819
0 0.469595 0.838459 0.0990778 0.102494
0 0.854043 0.721808 0.0783024 0.0784423
0 0.970931 0.832759 0.0578545 0.101893
0 0.371041 0.808022 0.102901 0.10425
0 0.277552 0.147651 0.0832289 0.0841771
0 0.767947 0.385661 0.0799227 0.0797449
0 0.178188 0.47207 0.0883362 0.0876673
0 0.256657 0.732077 0.0964675 0.0970439
0 0.162098 0.850104 0.0799915 0.0803071
0 0.17562 0.984986 0.0731595 0.029972
0 0.478297 0.691688 0.0750222 0.0756898
0 0.514541 0.439672 0.087266 0.0867222
0 0.622961 0.692274 0.0861208 0.0856055
0 0.194964 0.921129 0.0617756 0.061079
0 0.112342 0.403562 0.0772594 0.0748585
0 0.100946 0.6787 0.0618951 0.0604572
0 0.19857 0.75818 0.0648267 0.0657918
0 0.464131 0.691867 0.0743826 0.0746409
0 0.105186 0.475307 0.0681072 0.0682484
0 0.179703 0.714272 0.0577003 0.0576087
0 0.380197 0.972772 0.061128 0.0543184
0 0.087778 0.678941 0.0602787 0.0604546
0 0.147522 0.851029 0.0793664 0.0808027
0 0.180898 0.348143 0.0592537 0.0593524
0 0.156343 0.224612 0.0921638 0.0914176
0 0.355275 0.555127 0.0442202 0.0439975
0 0.0831529 0.298369 0.0774972 0.0762036
0 0.532874 0.118472 0.070585 0.0714732
0 0.263286 0.147468 0.0817786 0.082731
0 0.566359 0.329893 0.0577747 0.0580423
0 0.0906128 0.475479 0.0675835 0.0675901
0 0.150552 0.431851 0.0587087 0.0630311
0 0.223158 0.817975 0.0574246 0.0573991
0 0.342394 0.554761 0.0445828 0.0440141
0 0.518365 0.119301 0.0706607 0.0714891
0 0.0688039 0.296326 0.0748278 0.0757913
0 0.583676 0.625477 0.0619055 0.0628038
0 0.166653 0.348772 0.0591244 0.059506
0 0.180929 0.921249 0.0611075 0.0612188
0 0.348956 0.725536 0.0924779 0.0918648
0 0.0360639 0.469448 0.0695761 0.0781371
0 0.419106 0.138546 0.0820328 0.0811134
0 0.412296 0.499858 0.0749427 0.0752522
0 0.240948 0.66999 0.0746676 0.0740341
0 0.775978 0.976349 0.0695203 0.0469641
0 0.0521413 0.615962 0.0773804 0.0772601
0 0.655873 0.880258 0.0687712 0.0692187
0 0.714934 0.536577 0.0808358 0.0789108
0 0.351707 0.242593 0.0851878 0.0845069
0 0.207291 0.817931 0.0553451 0.0557714
0 0.0657966 0.617321 0.0797168 0.0786224
0 0.685595 0.98186 0.0809437 0.03628
0 0.140895 0.224704 0.0908841 0.0889857
0 0.404173 0.13855 0.0805061 0.0816166
0 0.499815 0.440461 0.0849011 0.086781
0 0.165818 0.714082 0.0578778 0.0570473
0 0.780179 0.550558 0.0596632 0.0605719
0 0.627839 0.817626 0.0651795 0.0651179
0 0.637246 0.258679 0.081613 0.082822
0 0.183823 0.759799 0.0636685 0.0641969
0 0.651284 0.258728 0.0824902 0.081651
0 0.551224 0.22333 0.0666621 0.0677698
0 0.827406 0.442307 0.0658584 0.0664855
0 0.282366 0.460708 0.0579742 0.0566369
0 0.343661 0.320243 0.0842232 0.087112
0 0.118079 0.662969 0.0367965 0.036411
0 0.297085 0.461312 0.0575488 0.0563682
0 0.398012 0.499175 0.0781153 0.0780141
0 0.753679 0.386304 0.0800451 0.0809879
0 0.569706 0.624809 0.0613588 0.0608276
0 0.164237 0.98614 0.0755003 0.0277198
0 0.876551 0.287887 0.0705809 0.0714029
0 0.553372 0.331118 0.0588205 0.0594791
0 0.798014 0.364404 0.0720739 0.0720874
0 0.703929 0.669708 0.0799088 0.0804606
0 0.814589 0.440174 0.0657995 0.0661743
0 0.864284 0.287182 0.0710558 0.070642
0 0.700421 0.53448 0.0866873 0.0869949
0 0.750438 0.899489 0.04884 0.0491651
0 0.765658 0.550789 0.0604866 0.0606303
0 0.763169 0.899999 0.0491625 0.0489817
0 0.338279 0.245004 0.0839989 0.0853712
0 0.328023 0.319207 0.08695 0.0856611
0 0.539522 0.223483 0.0663353 0.0659647
0 0.806389 0.938978 0.0724451 0.0697998
0 0.132126 0.663457 0.0343116 0.0369198
0 0.239978 0.437418 0.0523222 0.0499554
0 0.895825 0.31478 0.0543602 0.0526451
0 0.689842 0.350877 0.0756746 0.0762011
0 0.766496 0.979713 0.0716978 0.0404162
0 0.678081 0.984956 0.0781248 0.0300891
0 0.138879 0.430725 0.0597959 0.0594385
0 0.485133 0.201832 0.0685255 0.068135
0 0.735364 0.183267 0.0735529 0.0734412
0 0.411558 0.312748 0.0665447 0.0678684
0 0.534267 0.382678 0.0732813 0.0753671
0 0.881768 0.312965 0.0570107 0.0546367
0 0.706488 0.885266 0.0465185 0.0456586
0 0.430697 0.290841 0.0731541 0.0752923
0 0.227297 0.669252 0.0730026 0.0704501
0 0.858939 0.514022 0.0760885 0.0774202
0 0.615211 0.819767 0.0634803 0.0673218
0 0.593665 0.178801 0.045321 0.0443562
0 0.397686 0.315084 0.0655887 0.0668144
0 0.476748 0.0937268 0.0457275 0.0457922
0 0.508641 0.293415 0.0736111 0.0738712
0 0.226213 0.437787 0.0503407 0.0500449
0 0.470886 0.200684 0.0684606 0.0691956
0 0.466795 0.38946 0.0795701 0.0808112
0 0.050618 0.690544 0.0443568 0.0447787
0 0.693648 0.8863 0.0448353 0.0448399
0 0.989966 0.566217 0.0200687 0.0592791
0 0.728014 0.361357 0.0557261 0.0564357
0 0.616702 0.174307 0.0690269 0.0675719
0 0.98503 0.568025 0.0299398 0.0601565
0 0.0371411 0.690762 0.0464472 0.046537
0 0.667272 0.453631 0.0515963 0.0507898
0 0.180684 0.195366 0.0578151 0.0564197
0 0.611124 0.687524 0.0846115 0.0840286
0 0.0142576 0.233188 0.0281665 0.0678626
0 0.715042 0.363141 0.059161 0.0589803
0 0.353256 0.160039 0.0570737 0.0569576
0 0.365223 0.107593 0.0653203 0.0661646
0 0.23785 0.421738 0.0696208 0.0724597
0 0.976637 0.704397 0.0466883 0.0832137
0 0.35286 0.11016 0.0591066 0.0595729
0 0.457568 0.390531 0.0586123 0.061275
0 0.85871 0.984343 0.115533 0.031311
0 0.289469 0.41678 0.0471046 0.0473033
0 0.493854 0.294795 0.0740356 0.0733185
0 0.653435 0.454397 0.0542467 0.0513315
0 0.194097 0.192228 0.0588137 0.0597609
0 0.328942 0.423636 0.0442394 0.0441738
0 0.795644 0.942509 0.0665589 0.0671654
0 0.221152 0.287575 0.0450536 0.0461845
0 0.33827 0.158936 0.0588328 0.0592656
0 0.423657 0.284077 0.0698548 0.0729659
