0 0.197833 0.794332 0.104014 0.105708
0 0.175728 0.453322 0.0930596 0.0927147
0 0.953396 0.4546 0.0932081 0.100387
0 0.195416 0.27255 0.104062 0.101395
0 0.333666 0.360383 0.088853 0.0887841
0 0.726245 0.955832 0.110263 0.0883353
0 0.032279 0.980207 0.0631029 0.0394407
0 0.0719841 0.271202 0.103039 0.100245
0 0.17633 0.643849 0.0894626 0.0898766
0 0.0490845 0.111416 0.0883879 0.0872687
0 0.674167 0.448454 0.112135 0.111898
0 0.456445 0.909917 0.102682 0.103576
0 0.821399 0.542371 0.0689895 0.0678117
0 0.142165 0.767065 0.0885659 0.0881198
0 0.974152 0.861432 0.0516969 0.0755746
0 0.354368 0.982656 0.0879381 0.0346708
0 0.507124 0.512041 0.0763428 0.07604
0 0.884278 0.383075 0.0809134 0.0797201
0 0.576263 0.909543 0.0986151 0.100383
0 0.373823 0.046469 0.0930713 0.0900448
0 0.560952 0.232112 0.0881413 0.088566
0 0.408805 0.73296 0.102652 0.105419
0 0.662737 0.580527 0.0499773 0.0506615
0 0.394904 0.388514 0.0974169 0.0978347
0 0.815225 0.647464 0.0858693 0.0855579
0 0.744788 0.567703 0.0938366 0.092448
0 0.683812 0.215712 0.0965949 0.0975788
0 0.168785 0.0568614 0.0942176 0.0956797
0 0.318109 0.249022 0.0954063 0.0938076
0 0.734022 0.342603 0.0769566 0.0788504
0 0.647563 0.645326 0.046242 0.0470055
0 0.456168 0.256151 0.0722198 0.0721694
0 0.564019 0.716423 0.0609476 0.0606051
0 0.140503 0.549287 0.069193 0.0681619
0 0.632587 0.645194 0.0472766 0.0473162
0 0.54976 0.716686 0.0606628 0.0598125
0 0.587304 0.501452 0.0820143 0.082144
0 0.800593 0.648309 0.0848972 0.0847577
0 0.82839 0.281326 0.103471 0.103797
0 0.611675 0.801942 0.0708141 0.0698486
0 0.480021 0.627168 0.0839252 0.0843069
0 0.260648 0.612743 0.0830144 0.0844968
0 0.63936 0.0677327 0.0818811 0.0819647
0 0.573213 0.502467 0.0808994 0.0822755
0 0.49276 0.512586 0.0758748 0.0762829
0 0.558306 0.328283 0.0581165 0.0596462
0 0.545943 0.232892 0.0876638 0.0881834
0 0.809296 0.97881 0.109255 0.0423795
0 0.354369 0.152586 0.075523 0.075717
0 0.8078 0.542512 0.0681692 0.0697319
0 0.978043 0.55748 0.0435278 0.0692899
0 0.116361 0.432251 0.105702 0.106486
0 0.569763 0.100652 0.0632401 0.0643652
0 0.554395 0.100513 0.0639854 0.0641681
0 0.624762 0.0667849 0.0802796 0.081219
0 0.33233 0.653301 0.0593568 0.0588571
0 0.339781 0.152277 0.0733439 0.0734812
0 0.544255 0.328473 0.058219 0.0583171
0 0.720266 0.342032 0.0775874 0.0777081
0 0.667178 0.354064 0.0545662 0.0543709
0 0.339117 0.451077 0.0675035 0.0677447
0 0.283294 0.72835 0.073018 0.0735664
0 0.596136 0.801651 0.0711413 0.069752
0 0.578186 0.652248 0.0512458 0.0504941
0 0.494802 0.62684 0.0850989 0.0847521
0 0.885768 0.777028 0.0479189 0.0483269
0 0.593003 0.651837 0.0508513 0.050694
0 0.616659 0.592825 0.0477304 0.0480789
0 0.352979 0.452152 0.067717 0.066839
0 0.686681 0.702037 0.0641148 0.0648813
0 0.192153 0.89591 0.0756735 0.0761347
0 0.441714 0.256751 0.0715107 0.0727648
0 0.649459 0.580686 0.0501234 0.0506055
0 0.730605 0.666775 0.0611975 0.0613261
0 0.601579 0.592707 0.0478474 0.0480944
0 0.870794 0.77722 0.047858 0.0477656
0 0.388373 0.222212 0.0443209 0.0449357
0 0.873628 0.693369 0.0432762 0.0432844
0 0.451648 0.788258 0.0459739 0.0461947
0 0.746221 0.666335 0.0615699 0.0602145
0 0.317921 0.653441 0.0600344 0.0585892
0 0.442444 0.308309 0.0515084 0.0518715
0 0.869867 0.382846 0.0810417 0.0806046
0 0.178 0.896521 0.0760995 0.076239
0 0.416424 0.0692297 0.0645337 0.0669971
0 0.402616 0.222163 0.0432004 0.0434495
0 0.746657 0.732783 0.0421705 0.0425186
0 0.653022 0.353534 0.0557242 0.0544397
0 0.859127 0.693718 0.0427078 0.0430214
0 0.70107 0.701422 0.0635213 0.0643987
0 0.847552 0.944281 0.0567276 0.0553853
0 0.733531 0.732544 0.0431625 0.0434258
0 0.242418 0.0876281 0.063236 0.0628231
0 0.862116 0.944504 0.0566898 0.055932
0 0.437437 0.788124 0.045986 0.0455668
0 0.956357 0.0888727 0.0677525 0.0709436
0 0.976083 0.592239 0.0446381 0.0444447
0 0.51967 0.984754 0.0650175 0.0304927
0 0.525502 0.314124 0.0355865 0.0362597
0 0.341572 0.899888 0.0442542 0.0449978
0 0.427679 0.308699 0.0511407 0.052431
0 0.505346 0.985358 0.0644637 0.0292834
0 0.228603 0.0892868 0.0613772 0.0604167
0 0.22627 0.187311 0.0683522 0.0682089
0 0.157084 0.355975 0.059017 0.0596115
0 0.326776 0.900083 0.0458049 0.0451045
0 0.641994 0.532065 0.034836 0.035434
0 0.943331 0.0887221 0.0696304 0.0714212
0 0.401559 0.0703823 0.0648224 0.0652092
0 0.971999 0.213701 0.0454172 0.0459432
0 0.295949 0.728297 0.0715288 0.073114
0 0.895099 0.11027 0.060953 0.0603278
0 0.142817 0.355589 0.0605874 0.0602788
0 0.965637 0.593607 0.0459539 0.0442685
0 0.243398 0.190104 0.066479 0.065496
0 0.896664 0.0303326 0.079998 0.0606651
0 0.510671 0.315813 0.0373657 0.0385601
0 0.957755 0.213897 0.0449039 0.0457777
0 0.747488 0.256551 0.0460943 0.0473865
0 0.0873873 0.541712 0.079141 0.0784415
0 0.880465 0.10984 0.0620108 0.0603461
0 0.816132 0.984584 0.0967746 0.0308313
0 0.0485552 0.909798 0.038623 0.0390856
0 0.42933 0.177604 0.0378136 0.0384597
0 0.0366857 0.910053 0.0382099 0.0396084
0 0.249462 0.698461 0.0543935 0.0540375
0 0.467331 0.0161065 0.0908789 0.0319509
0 0.713608 0.963855 0.112257 0.0722902
0 0.628019 0.532011 0.0341856 0.0355584
0 0.797784 0.226031 0.0528618 0.053113
0 0.452448 0.0182962 0.0980389 0.0365924
0 0.732775 0.255443 0.0474689 0.0485455
0 0.239359 0.698493 0.0538894 0.0534585
0 0.414828 0.178071 0.0369459 0.0371772
0 0.784394 0.226164 0.0503189 0.0487888
0 0.582924 0.983445 0.0923352 0.0331106
0 0.585509 0.987618 0.0859312 0.0247636
0 0.759537 0.0119168 0.0873253 0.0238337
0 0.981874 0.146512 0.0362082 0.0726113
0 0.88443 0.0328419 0.0814136 0.0656838
0 0.821541 0.988016 0.0925964 0.0239684
0 0.766776 0.0173356 0.0885375 0.0346712
0 0.544406 0.0103328 0.0692717 0.0206656
0 0.973904 0.976905 0.0513166 0.0461791
0 0.155095 0.059075 0.0899386 0.08958
0 0.0156072 0.347796 0.0312144 0.0763889
0 0.987087 0.145864 0.0258148 0.069076
0 0.981531 0.977323 0.0366066 0.0439522
0 0.339415 0.982034 0.0930808 0.0359318
0 0.616869 0.015937 0.0890165 0.0318741
0 0.00962157 0.346353 0.0192136 0.0697812
0 0.467657 0.981965 0.108302 0.035909
0 0.534547 0.00911169 0.0703339 0.0181575
0 0.453714 0.987939 0.0915175 0.0241226
0 0.467581 0.989127 0.0873837 0.0217461
0 0.902674 0.0221718 0.0861412 0.0443436
