0 0.737854 0.487915 0.193687 0.191038
0 0.764042 0.617371 0.187355 0.18532
0 0.352166 0.459072 0.26866 0.271279
0 0.581371 0.937914 0.222416 0.124172
0 0.845601 0.3224 0.175143 0.172535
0 0.139402 0.899348 0.278805 0.193998
0 0.100834 0.330815 0.200607 0.260525
0 0.62712 0.182774 0.236285 0.236715
0 0.437516 0.812281 0.167217 0.168035
0 0.27789 0.788985 0.148354 0.147427
0 0.924117 0.569557 0.151766 0.188288
0 0.575466 0.74052 0.155206 0.153869
0 0.548368 0.490009 0.154703 0.152021
0 0.882788 0.93994 0.212967 0.120016
0 0.944216 0.962021 0.110999 0.0756243
0 0.926244 0.943345 0.147197 0.113309
0 0.838204 0.0531267 0.187374 0.106253
0 0.957581 0.953977 0.0840857 0.0916232
0 0.347217 0.938423 0.107515 0.106764
0 0.909248 0.924975 0.181504 0.148664
0 0.375375 0.118566 0.2486 0.230311
0 0.947068 0.937183 0.105863 0.125403
0 0.917444 0.957271 0.165113 0.0854582
0 0.0348266 0.944748 0.0696533 0.108341
0 0.92983 0.970256 0.133206 0.0592178
0 0.0585295 0.919565 0.115988 0.160208
0 0.0438541 0.0364211 0.0877083 0.0725443
0 0.96213 0.0282922 0.0754448 0.0565843
0 0.0736905 0.931845 0.147381 0.13631
0 0.0362695 0.044393 0.0725391 0.0876904
0 0.0419995 0.954031 0.0838907 0.0919383
0 0.895362 0.904443 0.207872 0.186228
0 0.0476703 0.936093 0.0953406 0.126342
0 0.100099 0.937031 0.200198 0.125938
0 0.0575517 0.948391 0.115103 0.102518
0 0.0322761 0.958713 0.0645521 0.0817878
0 0.945208 0.905719 0.109584 0.188562
0 0.128145 0.923924 0.256291 0.152152
0 0.973019 0.0308985 0.053093 0.0617969
0 0.0876082 0.950928 0.174313 0.0971158
0 0.0938131 0.910464 0.187626 0.177397
0 0.956436 0.0361623 0.0868772 0.0723246
0 0.464635 0.313441 0.120209 0.11888
0 0.0342987 0.0308377 0.0685973 0.0608796
0 0.0539087 0.965605 0.106141 0.0687909
0 0.358752 0.0781604 0.244508 0.156321
0 0.0614365 0.0319158 0.117452 0.0638315
0 0.0708121 0.90289 0.140867 0.19422
0 0.916403 0.969841 0.167195 0.0598099
0 0.0489358 0.0477675 0.0972699 0.095535
0 0.961937 0.939668 0.0745043 0.12
