0 0.16631 0.967317 0.0982035 0.0652865
0 0.152923 0.853382 0.0970345 0.0975093
0 0.867371 0.949474 0.101058 0.0966744
0 0.775069 0.739978 0.0854271 0.0863375
0 0.839292 0.821534 0.0802876 0.0794065
0 0.560761 0.832662 0.0754984 0.0751728
0 0.854596 0.680396 0.0739361 0.0761747
0 0.436898 0.509882 0.0728296 0.0711229
0 0.601204 0.645656 0.0779591 0.0764371
0 0.586765 0.645393 0.078813 0.0772753
0 0.61979 0.832045 0.0754668 0.0755648
0 0.633303 0.832571 0.0753893 0.0760836
0 0.854223 0.821071 0.0783936 0.0767309
0 0.300669 0.94072 0.0784311 0.0792302
0 0.525088 0.933131 0.0856545 0.0851967
0 0.761161 0.741511 0.0849178 0.0841738
0 0.257944 0.837942 0.0741345 0.0749598
0 0.794386 0.649475 0.0824777 0.0830644
0 0.904043 0.747059 0.0846733 0.0849241
0 0.84047 0.679653 0.074337 0.0749213
0 0.55642 0.364026 0.0568951 0.0577072
0 0.788442 0.956025 0.0925767 0.0858147
0 0.691302 0.814155 0.0707727 0.0720299
0 0.704607 0.813893 0.0723764 0.072806
0 0.309794 0.484691 0.0584252 0.0596125
0 0.704152 0.931379 0.081827 0.0824415
0 0.934201 0.619018 0.0655743 0.0668719
0 0.41438 0.630445 0.0699137 0.0711838
0 0.605815 0.451056 0.0717874 0.0729948
0 0.427875 0.630107 0.0698921 0.0709492
0 0.690363 0.931386 0.081502 0.0804997
0 0.920208 0.619102 0.0665161 0.066509
0 0.422703 0.509905 0.0722658 0.0702576
0 0.356979 0.777735 0.0482837 0.0484676
0 0.462182 0.820985 0.0434813 0.0423848
0 0.271335 0.839176 0.0758831 0.0771985
0 0.463589 0.90235 0.0749859 0.0768959
0 0.422606 0.76421 0.0663982 0.0666606
0 0.591676 0.451325 0.0713689 0.0710704
0 0.189647 0.522955 0.0709732 0.0703832
0 0.768462 0.459882 0.0544021 0.0562106
0 0.371397 0.547474 0.0418806 0.0411907
0 0.448916 0.821196 0.0415675 0.0423467
0 0.49607 0.432337 0.0740651 0.0752986
0 0.633958 0.379585 0.0753778 0.0753014
0 0.286724 0.940025 0.0786522 0.0812681
0 0.322446 0.484959 0.0605623 0.0591255
0 0.481403 0.433176 0.0737843 0.0742741
0 0.918589 0.747201 0.0850155 0.0836769
0 0.408884 0.764946 0.0666559 0.0667559
0 0.265683 0.712605 0.0661384 0.0666234
0 0.754181 0.460982 0.057266 0.0565078
0 0.702645 0.370815 0.0732777 0.0736645
0 0.546101 0.833263 0.0754534 0.0749607
0 0.883758 0.601454 0.0697014 0.0700714
0 0.776624 0.896082 0.0796141 0.0813765
0 0.688557 0.371145 0.0734783 0.0725147
0 0.174182 0.521638 0.0689134 0.0693529
0 0.613481 0.52452 0.0573322 0.057325
0 0.543323 0.363609 0.0567291 0.0579227
0 0.415853 0.816846 0.0411409 0.0411265
0 0.364695 0.952002 0.0699376 0.0701843
0 0.15079 0.683801 0.0697709 0.0684671
0 0.36356 0.472667 0.0592836 0.0573659
0 0.61966 0.379782 0.0742212 0.07411
0 0.780038 0.649364 0.0819452 0.0823082
0 0.422068 0.419848 0.0686756 0.0699771
0 0.266526 0.464231 0.0559571 0.0562474
0 0.386731 0.546195 0.0417782 0.0417551
0 0.251586 0.712287 0.0662523 0.0659444
0 0.534353 0.702991 0.062154 0.0640609
0 0.345172 0.594814 0.0706471 0.0701941
0 0.691604 0.445577 0.0538618 0.0532504
0 0.536285 0.18796 0.0578659 0.0592061
0 0.197767 0.398441 0.0472344 0.0474176
0 0.521131 0.702018 0.0645812 0.0652772
0 0.390971 0.51595 0.0486124 0.0500884
0 0.343102 0.777332 0.047937 0.0480577
0 0.521726 0.841331 0.0579258 0.0595943
0 0.377626 0.472267 0.057443 0.0577859
0 0.506788 0.841462 0.0582623 0.0580322
0 0.105564 0.486345 0.0655118 0.0643171
0 0.511394 0.933548 0.0868147 0.0812111
0 0.70969 0.699986 0.0522364 0.053432
0 0.409594 0.991489 0.0545198 0.0170223
0 0.869383 0.601932 0.0693462 0.0690804
0 0.522357 0.187371 0.0579765 0.0580354
0 0.490595 0.586787 0.069062 0.0693705
0 0.317437 0.667381 0.0678283 0.0685272
0 0.330879 0.592984 0.0704701 0.0708417
0 0.137418 0.683583 0.0680293 0.0687617
0 0.677386 0.445944 0.0540773 0.0536722
0 0.4768 0.901879 0.0788388 0.0774272
0 0.587332 0.798103 0.066293 0.0688896
0 0.601393 0.207503 0.051371 0.0519424
0 0.296354 0.354357 0.0670044 0.0670344
0 0.209721 0.666868 0.0607404 0.061822
0 0.402845 0.817303 0.0394204 0.0407941
0 0.598243 0.524138 0.0581097 0.0568286
0 0.454138 0.407928 0.060982 0.0623599
0 0.977128 0.424647 0.0452747 0.0572319
0 0.586098 0.693435 0.0438137 0.0442769
0 0.195683 0.66663 0.0626818 0.0624293
0 0.184401 0.398022 0.0496877 0.047613
0 0.556114 0.605232 0.0728191 0.0733894
0 0.57223 0.69399 0.0429675 0.0446281
0 0.486266 0.249521 0.0656013 0.0650625
0 0.337407 0.365867 0.051437 0.0525494
0 0.562706 0.980532 0.043895 0.0384483
0 0.549062 0.980462 0.044405 0.0386838
0 0.252502 0.464056 0.0555713 0.0560022
0 0.481162 0.713805 0.0513441 0.0522298
0 0.588042 0.206741 0.051564 0.0520082
0 0.675 0.686395 0.0623511 0.0660052
0 0.399534 0.990876 0.0501986 0.0182477
0 0.785872 0.537183 0.0516733 0.0522781
0 0.304153 0.66811 0.0679282 0.0686653
0 0.476888 0.992045 0.101363 0.0159098
0 0.352664 0.95165 0.069333 0.0688791
0 0.59913 0.800847 0.0686084 0.0678001
0 0.358417 0.549934 0.0491202 0.0479733
0 0.859776 0.394814 0.0479597 0.0491027
0 0.477382 0.58713 0.0692914 0.0700895
0 0.514942 0.401178 0.065983 0.0648298
0 0.0923978 0.486371 0.0647729 0.0657922
0 0.695753 0.699769 0.0538828 0.0551974
0 0.543741 0.286147 0.06142 0.0623067
0 0.891017 0.487521 0.0760923 0.0756037
0 0.281692 0.353382 0.0655239 0.0654077
0 0.504421 0.400355 0.0625513 0.0622892
0 0.20967 0.613359 0.0737785 0.0746591
0 0.110389 0.685244 0.0733503 0.0732159
0 0.472841 0.249172 0.0657728 0.066229
0 0.406461 0.420462 0.0661711 0.0694268
0 0.324687 0.365085 0.0514611 0.0526321
0 0.655749 0.755986 0.0569645 0.0566413
0 0.467489 0.714121 0.0517223 0.0524632
0 0.765869 0.346752 0.0685116 0.0687665
0 0.440633 0.410285 0.0624838 0.0601215
0 0.836153 0.562409 0.0498468 0.0511606
0 0.843523 0.215857 0.0652569 0.0650844
0 0.798862 0.537205 0.0503187 0.0516945
0 0.641184 0.75687 0.0583933 0.0585238
0 0.73124 0.310793 0.0550337 0.0553282
0 0.75483 0.348518 0.0693693 0.0704816
0 0.796328 0.243712 0.0454304 0.0468344
0 0.222947 0.613697 0.074206 0.073676
0 0.265559 0.667859 0.0500303 0.0494301
0 0.844991 0.394743 0.0492392 0.0494948
0 0.52878 0.285832 0.0625027 0.0612901
0 0.422912 0.938596 0.0425047 0.0431625
0 0.537055 0.106588 0.0540434 0.052524
0 0.721449 0.509723 0.0375468 0.0380333
0 0.716966 0.310423 0.0535666 0.0544413
0 0.663157 0.684968 0.0662249 0.0663166
0 0.504772 0.666548 0.0457613 0.0482843
0 0.409945 0.939399 0.0421979 0.0428679
0 0.783052 0.243902 0.0467517 0.0471324
0 0.829475 0.217933 0.0635067 0.0629092
0 0.348726 0.550809 0.0506124 0.0493893
0 0.557257 0.47823 0.0347512 0.0345529
0 0.731213 0.655742 0.0477075 0.0486913
0 0.253762 0.667493 0.0500817 0.0489319
0 0.395492 0.690202 0.039977 0.0410058
0 0.332346 0.269562 0.048579 0.0497372
0 0.408671 0.688774 0.0423768 0.0422925
0 0.323417 0.270007 0.0509685 0.0499247
0 0.823345 0.562508 0.051205 0.0512802
0 0.716935 0.656418 0.0500523 0.0509989
0 0.170971 0.407684 0.0433189 0.0438278
0 0.491554 0.341271 0.0702332 0.0701869
0 0.256237 0.28274 0.0528011 0.0522146
0 0.544343 0.477754 0.0349325 0.0341211
0 0.380667 0.515765 0.0488419 0.0484046
0 0.175591 0.795928 0.035061 0.0348924
0 0.483514 0.101776 0.0589743 0.0601828
0 0.707353 0.509345 0.037918 0.0387107
0 0.479263 0.342449 0.0664425 0.0666815
0 0.768159 0.388507 0.0602067 0.0599527
0 0.52329 0.106582 0.052717 0.0532837
0 0.0980764 0.681535 0.0757724 0.074279
0 0.744067 0.478943 0.0595385 0.058832
0 0.917494 0.510467 0.0585304 0.0574458
0 0.410303 0.988518 0.0509039 0.022407
0 0.468647 0.103192 0.0606354 0.0602795
0 0.533089 0.585634 0.0405393 0.0376879
0 0.572071 0.456217 0.0621258 0.0624058
0 0.49381 0.666751 0.0483966 0.0502029
0 0.520527 0.582804 0.0392044 0.0408602
0 0.903818 0.484804 0.0771235 0.0782498
0 0.266959 0.993443 0.0689684 0.0131149
0 0.754465 0.388651 0.058794 0.0598577
0 0.763529 0.894163 0.0781229 0.0777168
0 0.546028 0.601152 0.0692625 0.0692666
0 0.423472 0.30992 0.0527723 0.0526217
0 0.407834 0.309032 0.0523451 0.0530463
0 0.813796 0.355216 0.0389007 0.0378389
0 0.970121 0.429155 0.055187 0.0545269
0 0.350677 0.287319 0.0393379 0.0407114
0 0.246443 0.283477 0.0521404 0.0508768
0 0.155 0.408168 0.0425157 0.0440144
