0 0.0539953 0.652586 0.0880294 0.0883551
0 0.964863 0.545996 0.069384 0.0898445
0 0.805069 0.974672 0.111181 0.0502683
0 0.12697 0.898722 0.102518 0.102798
0 0.903335 0.956575 0.100526 0.086851
0 0.693977 0.974233 0.109311 0.0513705
0 0.440808 0.657457 0.099655 0.0985853
0 0.114102 0.779118 0.0978874 0.0988319
0 0.295939 0.493995 0.0943405 0.0942724
0 0.152748 0.625349 0.0951261 0.0950715
0 0.847414 0.650291 0.090802 0.0911647
0 0.553361 0.616202 0.0727986 0.073258
0 0.780059 0.800627 0.0967489 0.0943437
0 0.537377 0.878737 0.0980934 0.0995997
0 0.730209 0.170174 0.08673 0.0878721
0 0.692231 0.785925 0.0800401 0.0811297
0 0.873606 0.566283 0.0825268 0.0825798
0 0.729262 0.592153 0.0675434 0.0675499
0 0.588827 0.385254 0.0526848 0.0524517
0 0.351984 0.593027 0.0829741 0.0827961
0 0.743767 0.593409 0.0689478 0.0689446
0 0.721137 0.445765 0.0734831 0.07383
0 0.322009 0.38365 0.0782093 0.0792412
0 0.574654 0.385664 0.0530115 0.0529203
0 0.738571 0.446157 0.0737231 0.0733989
0 0.599746 0.246775 0.0913199 0.0904902
0 0.680103 0.534263 0.0704992 0.069809
0 0.426957 0.279035 0.078766 0.0805234
0 0.833109 0.894643 0.0772732 0.0776745
0 0.474398 0.815859 0.083132 0.0828598
0 0.412841 0.278916 0.0796481 0.0799829
0 0.682285 0.877594 0.0766583 0.0769821
0 0.488957 0.815917 0.0823076 0.0831116
0 0.507658 0.53667 0.0943373 0.0950354
0 0.418269 0.808709 0.0609146 0.0619865
0 0.905087 0.255625 0.0852171 0.0846847
0 0.618728 0.947501 0.0728893 0.0740529
0 0.536106 0.984548 0.0935683 0.0308731
0 0.214363 0.34237 0.0697278 0.0702599
0 0.678273 0.785692 0.0792608 0.078184
0 0.682255 0.277172 0.0707426 0.0697512
0 0.479366 0.454691 0.0798056 0.0805688
0 0.283551 0.886226 0.0776672 0.0786171
0 0.695378 0.691503 0.0952828 0.0955767
0 0.580919 0.789486 0.0489851 0.0498856
0 0.475891 0.954559 0.0792744 0.0791288
0 0.638799 0.307999 0.0582276 0.0573505
0 0.58322 0.246577 0.0908237 0.090798
0 0.665636 0.533212 0.0703222 0.07144
0 0.421407 0.882284 0.0543061 0.0549302
0 0.858977 0.56591 0.0811371 0.0822536
0 0.915818 0.510618 0.0456135 0.0463595
0 0.748992 0.266709 0.0502663 0.048959
0 0.669012 0.878007 0.0758659 0.0768182
0 0.604767 0.947592 0.0733466 0.0737221
0 0.201306 0.343328 0.0707838 0.071358
0 0.744318 0.357551 0.0738764 0.0745167
0 0.493729 0.455746 0.0795561 0.0807051
0 0.268448 0.297881 0.0790817 0.080399
0 0.785573 0.69283 0.0701332 0.0702343
0 0.632454 0.495686 0.0587118 0.0586503
0 0.436327 0.882162 0.0555832 0.0551779
0 0.668486 0.27776 0.0681007 0.0675871
0 0.277469 0.772873 0.0811627 0.0814449
0 0.762499 0.266554 0.0494057 0.0491847
0 0.538932 0.617569 0.0716694 0.0737487
0 0.438172 0.568564 0.0789135 0.078813
0 0.902706 0.510587 0.0456463 0.0459156
0 0.930079 0.748228 0.0727753 0.0727175
0 0.445367 0.148881 0.0860058 0.0848983
0 0.694248 0.23788 0.0660478 0.065983
0 0.403866 0.809147 0.0609249 0.0617976
0 0.731257 0.357763 0.0752941 0.0741077
0 0.297749 0.886395 0.0767435 0.0785721
0 0.753139 0.0681899 0.0768867 0.0788413
0 0.263221 0.77273 0.0783 0.0792431
0 0.799652 0.692822 0.0703382 0.0710663
0 0.235141 0.571975 0.0546052 0.0534658
0 0.625182 0.307584 0.0583933 0.0574921
0 0.738579 0.0683415 0.075642 0.0779117
0 0.940372 0.624206 0.082457 0.0826152
0 0.819208 0.894686 0.077178 0.0776632
0 0.864469 0.801039 0.0801163 0.0804011
0 0.363961 0.871326 0.0719392 0.0717894
0 0.71535 0.170944 0.0873673 0.0859045
0 0.254122 0.296957 0.0803532 0.0798816
0 0.943565 0.748321 0.0732483 0.0732541
0 0.430494 0.147835 0.0855781 0.0857664
0 0.885132 0.35328 0.0789742 0.0777944
0 0.50593 0.63442 0.0419809 0.0424079
0 0.675342 0.435822 0.0713522 0.0728369
0 0.645405 0.496079 0.0554675 0.0583745
0 0.810709 0.588735 0.0545637 0.0534517
0 0.84911 0.801449 0.0781391 0.0803899
0 0.46167 0.955033 0.0782587 0.0775469
0 0.877131 0.465542 0.0559391 0.0546356
0 0.349727 0.870948 0.0709758 0.0703796
0 0.396119 0.444656 0.0637663 0.0643733
0 0.566583 0.78996 0.0506039 0.0497836
0 0.709438 0.237652 0.0653037 0.06686
0 0.291949 0.680053 0.0564102 0.0572067
0 0.646928 0.616352 0.0497174 0.0503443
0 0.424358 0.569682 0.0768591 0.0769639
0 0.796736 0.588967 0.053419 0.0530841
0 0.409411 0.443877 0.0651405 0.0658302
0 0.762521 0.628767 0.0465647 0.0482234
0 0.277136 0.679924 0.0581756 0.0570297
0 0.870499 0.352674 0.0792744 0.0802232
0 0.951133 0.470747 0.0400173 0.0395404
0 0.336902 0.231496 0.077246 0.0769452
0 0.775518 0.629493 0.0479284 0.0476798
0 0.219251 0.572053 0.0538793 0.0540482
0 0.898311 0.109872 0.0856569 0.086561
0 0.362183 0.698461 0.0659791 0.0660406
0 0.588312 0.61861 0.0434517 0.0445831
0 0.904603 0.793556 0.0430006 0.042887
0 0.937905 0.469168 0.0399487 0.0398426
0 0.37677 0.698882 0.0658097 0.0666974
0 0.491223 0.63294 0.0425817 0.0437996
0 0.475138 0.266335 0.0407274 0.0414012
0 0.423216 0.424945 0.0422138 0.0419881
0 0.436601 0.424342 0.0421227 0.0427609
0 0.689716 0.43544 0.0726057 0.0732978
0 0.0938039 0.560651 0.0690003 0.0716218
0 0.0729516 0.981566 0.0711892 0.0368675
0 0.924344 0.424273 0.0473392 0.0481899
0 0.323574 0.231977 0.0757061 0.0758829
0 0.782659 0.473342 0.0495927 0.0501807
0 0.910807 0.424134 0.04825 0.0486142
0 0.632415 0.616583 0.0502264 0.0499512
0 0.0521742 0.861165 0.0652655 0.0629407
0 0.489352 0.266764 0.0410817 0.0417574
0 0.601497 0.618502 0.0431936 0.0444592
0 0.57207 0.174626 0.0593119 0.058262
0 0.320041 0.617124 0.0628033 0.0616918
0 0.851632 0.721714 0.0374948 0.036174
0 0.642957 0.207372 0.0814315 0.0809987
0 0.861924 0.4651 0.0582039 0.0568532
0 0.815188 0.117877 0.0738117 0.0753618
0 0.797229 0.472949 0.0491594 0.0498539
0 0.363535 0.964661 0.0541834 0.0565081
0 0.2385 0.0224116 0.0648226 0.0445327
0 0.222899 0.0218128 0.0639595 0.0436257
0 0.192228 0.704434 0.0506701 0.0498553
0 0.532718 0.126863 0.0619107 0.0625819
0 0.261401 0.432712 0.0860177 0.0860012
0 0.837667 0.720824 0.0358238 0.0357745
0 0.361662 0.454287 0.0487522 0.0480977
0 0.17494 0.200396 0.0598322 0.060787
0 0.188625 0.200652 0.0620812 0.060722
0 0.0261955 0.736097 0.0518868 0.0564217
0 0.347099 0.454181 0.0478726 0.0485816
0 0.629092 0.208047 0.0818434 0.082737
0 0.883422 0.109007 0.0869625 0.0876037
0 0.540161 0.32434 0.0432431 0.0421781
0 0.538147 0.294471 0.0595161 0.0600094
0 0.800301 0.118649 0.0735886 0.0746589
0 0.556052 0.174257 0.059009 0.0586918
0 0.178486 0.704301 0.0507385 0.0500469
0 0.891358 0.793519 0.0435465 0.0430527
0 0.0392205 0.861218 0.0660604 0.0633036
0 0.398474 0.933145 0.0414721 0.0424347
0 0.337865 0.592807 0.0845295 0.0850578
0 0.404501 0.385095 0.0460949 0.0469495
0 0.77358 0.301638 0.0379442 0.0404374
0 0.250629 0.515526 0.0358698 0.035355
0 0.349312 0.963838 0.0549 0.0556371
0 0.303061 0.96566 0.0461924 0.0479497
0 0.974799 0.508598 0.049297 0.0573278
0 0.0959188 0.409198 0.0510369 0.0516842
0 0.371358 0.158262 0.0634715 0.0623487
0 0.305664 0.616753 0.0614393 0.0628286
0 0.52283 0.983095 0.0987093 0.0338108
0 0.249543 0.429081 0.0805584 0.0807844
0 0.588129 0.0671041 0.0816706 0.0862022
0 0.0824186 0.407816 0.0520072 0.0521818
0 0.38017 0.531347 0.0634866 0.0634094
0 0.384891 0.93181 0.0418885 0.0418428
0 0.834372 0.405742 0.0731098 0.0734508
0 0.833813 0.448598 0.0469502 0.0476659
0 0.517521 0.0724376 0.0679433 0.0697462
0 0.523798 0.295065 0.0577883 0.0575573
0 0.517357 0.12738 0.061888 0.061724
0 0.787828 0.300711 0.039105 0.0389793
0 0.681318 0.978849 0.103737 0.0419198
0 0.390023 0.384098 0.0487821 0.0484881
0 0.573434 0.0653191 0.0807329 0.0812398
0 0.139548 0.360118 0.0588931 0.0591156
0 0.757451 0.446931 0.0612492 0.0609605
0 0.125006 0.361334 0.0585529 0.058453
0 0.847263 0.44935 0.0466267 0.0461738
0 0.539071 0.302897 0.0500229 0.0574635
0 0.910376 0.462593 0.0339512 0.0364796
0 0.243955 0.157866 0.0458542 0.0462343
0 0.526142 0.325523 0.0434927 0.0432418
0 0.355416 0.156946 0.0624678 0.0637809
0 0.290761 0.965203 0.0468119 0.0463529
0 0.235744 0.514459 0.0345942 0.0349576
0 0.36831 0.529567 0.0647163 0.0634243
0 0.0954881 0.991122 0.0644533 0.0177554
0 0.822251 0.406449 0.077919 0.0793411
0 0.661981 0.0505345 0.0697799 0.0694796
0 0.0813522 0.988963 0.0742823 0.0220731
0 0.229598 0.157651 0.0453075 0.0460657
0 0.503134 0.0695853 0.066439 0.066987
0 0.21154 0.481543 0.0402349 0.0402224
0 0.198896 0.482243 0.037169 0.0387822
0 0.261125 0.261195 0.0657363 0.0630785
0 0.223451 0.367911 0.0347675 0.0355499
0 0.748961 0.443988 0.055938 0.0605302
0 0.0729349 0.466299 0.0576736 0.058176
0 0.536279 0.813933 0.0410726 0.0403331
0 0.964239 0.1279 0.0486942 0.049349
0 0.646584 0.0460148 0.0723501 0.0781565
0 0.12828 0.253295 0.0336134 0.0335585
0 0.819541 0.186737 0.0458778 0.0465477
0 0.814489 0.331525 0.0547707 0.0553321
