0 0.730504 0.638099 0.215163 0.21839
0 0.302165 0.87441 0.246843 0.240039
0 0.801844 0.948346 0.184174 0.103057
0 0.543629 0.637925 0.154838 0.154646
0 0.909942 0.540526 0.174981 0.179897
0 0.0984423 0.772112 0.194774 0.201661
0 0.333346 0.321659 0.157447 0.15826
0 0.443495 0.789628 0.133102 0.134053
0 0.0436065 0.959643 0.0872129 0.0807134
0 0.06047 0.945445 0.120708 0.10911
0 0.0862283 0.932826 0.172457 0.134348
0 0.906968 0.641253 0.14174 0.13749
0 0.582323 0.414586 0.120605 0.114811
0 0.799252 0.168816 0.191616 0.193259
0 0.354027 0.0739116 0.140723 0.137526
0 0.581536 0.712623 0.105584 0.103776
0 0.101264 0.912408 0.201565 0.173013
0 0.932316 0.232407 0.135368 0.163984
0 0.622946 0.278513 0.111926 0.113958
0 0.684302 0.900651 0.0879023 0.0867381
0 0.194234 0.452799 0.121847 0.124908
0 0.669236 0.899278 0.0897652 0.0893898
0 0.0795535 0.958834 0.159107 0.0823329
0 0.941148 0.916444 0.116349 0.167113
0 0.230055 0.222069 0.126381 0.127487
0 0.893313 0.538174 0.146301 0.14562
0 0.580141 0.087665 0.171004 0.166379
0 0.122724 0.896247 0.245448 0.207506
0 0.913109 0.899565 0.172166 0.199666
0 0.0591609 0.964908 0.115541 0.0701835
0 0.0943361 0.81159 0.156805 0.149744
0 0.965746 0.949953 0.0667402 0.0985755
0 0.0320624 0.946317 0.0641249 0.105924
0 0.956251 0.934986 0.0869705 0.130028
0 0.671896 0.243893 0.0742119 0.0751426
0 0.798639 0.135884 0.187022 0.188979
0 0.945045 0.954566 0.109515 0.090521
0 0.956965 0.967206 0.08607 0.0652206
0 0.962988 0.0382086 0.074024 0.0764172
0 0.91281 0.936438 0.173377 0.127124
0 0.657075 0.244871 0.0725092 0.0728241
0 0.93276 0.944919 0.134479 0.109378
0 0.0334445 0.0392119 0.0662634 0.0779317
0 0.251583 0.71891 0.173055 0.172364
0 0.965953 0.0278448 0.0669533 0.0556895
0 0.0948416 0.950217 0.189683 0.0984372
0 0.143055 0.922079 0.28611 0.155841
0 0.520665 0.170482 0.0921419 0.0915641
0 0.240793 0.196339 0.170126 0.166668
0 0.0439596 0.0299819 0.085686 0.0598828
0 0.0230933 0.0333474 0.0461866 0.0663394
0 0.93312 0.267556 0.13376 0.193379
0 0.0403153 0.425616 0.0801829 0.164773
0 0.0426816 0.0783006 0.0851133 0.153185
0 0.855885 0.915103 0.286098 0.169794
0 0.0434339 0.941024 0.0862415 0.117951
0 0.142119 0.863184 0.284239 0.273631
0 0.0800273 0.966576 0.160055 0.0663726
0 0.0796036 0.972654 0.159207 0.0540479
