0 0.239394 0.950429 0.10195 0.0968076
0 0.61238 0.824607 0.0919471 0.093541
0 0.408898 0.789443 0.0946872 0.097184
0 0.969057 0.778628 0.061886 0.067865
0 0.905205 0.853988 0.0902176 0.0907008
0 0.464582 0.886727 0.0898875 0.089905
0 0.222946 0.612076 0.0623767 0.0616376
0 0.303875 0.859655 0.0605972 0.061116
0 0.54404 0.729271 0.0864164 0.0870266
0 0.591489 0.605695 0.0710316 0.069914
0 0.329093 0.965372 0.0780593 0.0685366
0 0.33496 0.388702 0.0781537 0.0786193
0 0.346332 0.575552 0.0831443 0.0842144
0 0.688591 0.733789 0.0827841 0.0831078
0 0.246433 0.86641 0.0794562 0.0792136
0 0.435356 0.51866 0.0571878 0.0565818
0 0.388971 0.456998 0.0743741 0.0752824
0 0.80307 0.579551 0.0767642 0.0761106
0 0.100921 0.89533 0.0644983 0.0645205
0 0.921037 0.711137 0.0806591 0.0809644
0 0.831785 0.944249 0.0753921 0.0744405
0 0.632802 0.659848 0.0673307 0.067425
0 0.750863 0.664075 0.0685968 0.0690431
0 0.578099 0.605397 0.0693817 0.0695765
0 0.0609295 0.812927 0.0690325 0.068292
0 0.608356 0.471389 0.0522595 0.0519234
0 0.157277 0.463982 0.079588 0.0804789
0 0.512119 0.842555 0.068224 0.0688014
0 0.260135 0.760055 0.0590372 0.0585322
0 0.316369 0.715206 0.0636138 0.0626221
0 0.342665 0.965402 0.0770057 0.0691952
0 0.375476 0.456809 0.0733305 0.0746789
0 0.618634 0.658571 0.0678501 0.0681661
0 0.528253 0.943449 0.0866493 0.0862854
0 0.171671 0.784385 0.077243 0.0753021
0 0.691934 0.416652 0.0758628 0.0760309
0 0.609429 0.903148 0.084573 0.0847701
0 0.0973655 0.545702 0.0894073 0.0896685
0 0.331113 0.57547 0.0838484 0.0845304
0 0.365911 0.219594 0.0552748 0.0549785
0 0.389855 0.888203 0.0466305 0.0457396
0 0.313981 0.804283 0.0528805 0.0541506
0 0.448552 0.518679 0.0561198 0.0561429
0 0.302588 0.714048 0.0630671 0.0619507
0 0.497604 0.842601 0.0688952 0.0694092
0 0.379656 0.219649 0.0536288 0.0539972
0 0.142627 0.464206 0.0796007 0.0809447
0 0.549778 0.500215 0.0800171 0.079249
0 0.27963 0.496746 0.0731723 0.0731826
0 0.579093 0.365176 0.0693806 0.069942
0 0.621506 0.471601 0.0518578 0.052243
0 0.706868 0.41644 0.0763219 0.0768684
0 0.945208 0.588104 0.0825787 0.0839612
0 0.232431 0.48347 0.0617715 0.0612532
0 0.261189 0.866437 0.083488 0.0814308
0 0.593324 0.365182 0.069459 0.0695567
0 0.414566 0.608227 0.0497498 0.0505631
0 0.156449 0.783569 0.076786 0.0784442
0 0.0881219 0.895749 0.0630216 0.0632736
0 0.209395 0.611983 0.0621967 0.0619562
0 0.484598 0.66699 0.0597173 0.0604575
0 0.602782 0.739039 0.0489214 0.0487559
0 0.470699 0.667538 0.0595634 0.0601407
0 0.788782 0.579861 0.0748022 0.0761625
0 0.292083 0.496631 0.0710916 0.074058
0 0.848563 0.838278 0.055962 0.0547532
0 0.218761 0.483804 0.0620614 0.0621208
0 0.660494 0.49459 0.0385742 0.0385476
0 0.29012 0.860711 0.0600797 0.0610799
0 0.541723 0.945529 0.0854334 0.0885204
0 0.857438 0.339467 0.0718933 0.0727587
0 0.273807 0.76068 0.0590732 0.0587449
0 0.674514 0.732837 0.0822462 0.0822667
0 0.40143 0.608363 0.0500783 0.0510404
0 0.535892 0.49789 0.0817829 0.0813149
0 0.712609 0.216916 0.0689476 0.0694962
0 0.737797 0.663803 0.0701782 0.0698893
0 0.137375 0.838029 0.0392624 0.0397949
0 0.357712 0.762552 0.0469172 0.0468576
0 0.744732 0.287827 0.058836 0.0577335
0 0.151145 0.66369 0.047596 0.0465911
0 0.525349 0.615174 0.0664936 0.0681344
0 0.163954 0.663765 0.0467335 0.0472356
0 0.123721 0.838054 0.0383712 0.0386871
0 0.0824034 0.70108 0.0765125 0.0778125
0 0.265462 0.226614 0.068185 0.0688966
0 0.300457 0.803473 0.0532981 0.0534332
0 0.693679 0.840352 0.0654484 0.065329
0 0.0471148 0.812523 0.0680354 0.0676275
0 0.589128 0.737486 0.0488241 0.0482741
0 0.250586 0.226742 0.0671162 0.0693604
0 0.587056 0.279546 0.0624858 0.0637037
0 0.0683375 0.700314 0.0762303 0.0771921
0 0.190258 0.638717 0.039209 0.0388308
0 0.383494 0.0912617 0.063379 0.0644943
0 0.909359 0.446609 0.0697151 0.069092
0 0.638455 0.249774 0.0622902 0.0634483
0 0.836852 0.684205 0.0760639 0.0764345
0 0.834885 0.838024 0.0549215 0.0554934
0 0.321421 0.387774 0.076371 0.0785099
0 0.758509 0.287562 0.0563305 0.0568883
0 0.621026 0.159985 0.0550478 0.0546288
0 0.571513 0.682127 0.0520285 0.05156
0 0.66209 0.914873 0.0385479 0.0391111
0 0.74373 0.974762 0.0754568 0.0499275
0 0.350602 0.906297 0.043388 0.0436297
0 0.343132 0.762785 0.0470182 0.046401
0 0.673265 0.916123 0.0406919 0.0393992
0 0.557522 0.682366 0.0527752 0.0532242
0 0.177136 0.638811 0.0397277 0.0382195
0 0.511603 0.615524 0.0679775 0.0690589
0 0.767246 0.781864 0.0546331 0.0556323
0 0.363767 0.905298 0.0433343 0.0442538
0 0.895472 0.447518 0.0694542 0.0679065
0 0.842177 0.341338 0.0708832 0.070952
0 0.398668 0.0916139 0.0622946 0.0638294
0 0.807491 0.281473 0.0633511 0.0631067
0 0.817393 0.487596 0.0609644 0.0620916
0 0.0502335 0.935263 0.061306 0.0591667
0 0.526974 0.276162 0.063249 0.065498
0 0.648075 0.602114 0.0698441 0.0715187
0 0.646788 0.494512 0.0374394 0.0395415
0 0.3752 0.888153 0.0466383 0.0472352
0 0.335399 0.29904 0.0669939 0.067452
0 0.821856 0.686756 0.0769438 0.07826
0 0.175578 0.0847224 0.0579316 0.0592691
0 0.624464 0.250086 0.0625895 0.0629919
0 0.442836 0.723447 0.0458879 0.0462997
0 0.697756 0.217409 0.0698174 0.0691928
0 0.512227 0.276758 0.0631505 0.0650487
0 0.528451 0.338319 0.0579908 0.058127
0 0.680761 0.841456 0.0635783 0.0634773
0 0.680136 0.142214 0.0523993 0.0541548
0 0.161132 0.083438 0.0575699 0.0594073
0 0.793423 0.280401 0.0626617 0.0634415
0 0.779928 0.781644 0.0536175 0.0555163
0 0.461928 0.602095 0.0544157 0.0546659
0 0.322572 0.299215 0.0675264 0.0673553
0 0.278031 0.39856 0.0413131 0.0411366
0 0.0926397 0.306005 0.072159 0.0714642
0 0.475924 0.602148 0.0544336 0.0551333
0 0.608103 0.15975 0.0564928 0.0550635
0 0.804414 0.48752 0.0625559 0.0620228
0 0.765172 0.389359 0.0573727 0.0577869
0 0.431244 0.556301 0.0325425 0.0336556
0 0.573278 0.279269 0.0633579 0.0647955
0 0.444233 0.556297 0.031354 0.0314849
0 0.0389404 0.936593 0.0626895 0.0605596
0 0.205233 0.307479 0.0459358 0.0464478
0 0.731687 0.975726 0.0725759 0.0485476
0 0.635449 0.602718 0.0685741 0.0707003
0 0.481146 0.547466 0.0376869 0.0381443
0 0.360101 0.271806 0.0442985 0.0462555
0 0.327453 0.181311 0.0470384 0.0493522
0 0.429173 0.441748 0.0379123 0.0382715
0 0.42936 0.723402 0.0457127 0.0462718
0 0.640994 0.990201 0.0472918 0.0195985
0 0.656045 0.989228 0.0461082 0.0215448
0 0.390165 0.721713 0.0820842 0.0830542
0 0.467335 0.54949 0.0367408 0.035878
0 0.665973 0.141822 0.0528835 0.0539488
0 0.0773508 0.307135 0.0713139 0.0729933
0 0.480262 0.790348 0.0398476 0.0398301
0 0.750125 0.391017 0.058087 0.0566951
0 0.442203 0.442575 0.0365778 0.0371457
0 0.346056 0.272773 0.0446522 0.0447053
0 0.514856 0.337959 0.0588512 0.0581373
0 0.068813 0.460223 0.0567855 0.0557453
0 0.762418 0.465636 0.0532991 0.0534267
0 0.435427 0.127994 0.058216 0.0576972
0 0.264355 0.399504 0.0409276 0.0411181
0 0.48712 0.38555 0.0378702 0.0379464
0 0.508307 0.207557 0.0519729 0.0542035
0 0.791001 0.983532 0.0592323 0.032856
0 0.189694 0.182767 0.0684646 0.0690431
0 0.749926 0.467046 0.0529104 0.0513199
0 0.203916 0.183626 0.0677745 0.0663828
0 0.056727 0.460735 0.0550092 0.055718
0 0.44922 0.13154 0.0570959 0.0575547
0 0.474601 0.989895 0.0536764 0.0202092
0 0.733777 0.756671 0.0385968 0.0397626
0 0.802034 0.805159 0.0456846 0.0443932
0 0.407009 0.245746 0.0412596 0.0411213
0 0.190962 0.307671 0.0469868 0.0464791
0 0.522805 0.207606 0.052524 0.0525073
0 0.466983 0.790268 0.0389595 0.040062
0 0.64687 0.401783 0.0467233 0.0477673
0 0.781424 0.986109 0.0593174 0.0277822
0 0.501002 0.385328 0.0381733 0.0386798
0 0.174927 0.254679 0.0477424 0.0481708
0 0.420598 0.24497 0.0398318 0.0410232
0 0.711643 0.470622 0.0290145 0.0296014
0 0.313974 0.182226 0.0454117 0.0451832
0 0.720996 0.756464 0.0386339 0.0390116
0 0.627465 0.347697 0.055247 0.055475
0 0.544144 0.253697 0.0369429 0.0371526
0 0.161411 0.254952 0.0482532 0.0485644
0 0.725167 0.469866 0.030681 0.030743
0 0.742671 0.566051 0.0394079 0.0400158
0 0.0259507 0.217597 0.0509184 0.0623958
0 0.557939 0.253724 0.033565 0.0361825
0 0.672239 0.62982 0.0318313 0.0328517
0 0.632594 0.40202 0.04825 0.0489023
0 0.156862 0.73994 0.0500964 0.0539976
0 0.690338 0.0961489 0.0564327 0.0595532
0 0.552342 0.163456 0.05912 0.0613625
0 0.614146 0.347417 0.0539756 0.0539546
0 0.65839 0.630065 0.0336772 0.0335607
0 0.462673 0.989314 0.0526665 0.021372
0 0.687116 0.33302 0.0407042 0.0428113
0 0.501644 0.486635 0.0454712 0.046726
0 0.326999 0.753568 0.0383063 0.0380501
0 0.167824 0.737292 0.0518357 0.0508789
0 0.0451714 0.479526 0.045663 0.0477897
0 0.0345874 0.215099 0.0624821 0.0639496
0 0.435647 0.673841 0.0513426 0.0533457
0 0.787932 0.803291 0.0461599 0.0473094
0 0.222478 0.288286 0.0288499 0.0277256
0 0.539128 0.164443 0.0629164 0.065004
0 0.540299 0.420738 0.0474726 0.0464943
0 0.31089 0.750337 0.0350369 0.0351379
0 0.729829 0.564215 0.0409096 0.040005
0 0.675754 0.0954347 0.0577356 0.0595978
0 0.931917 0.590893 0.0851959 0.0868444
0 0.558792 0.466535 0.0717115 0.0695708
0 0.421889 0.674415 0.0507905 0.0543559
0 0.62338 0.902175 0.0848988 0.0794851
0 0.485506 0.487891 0.0448049 0.0442619
0 0.726226 0.333111 0.0594418 0.0620674
0 0.460522 0.474069 0.0347499 0.0372236
0 0.0246636 0.542261 0.0492915 0.0762157
