0 0.0390492 0.69676 0.0780985 0.113008
0 0.13434 0.651619 0.126522 0.128765
0 0.853576 0.131815 0.0980923 0.0978942
0 0.0972349 0.439086 0.116595 0.114619
0 0.131358 0.316776 0.103053 0.102399
0 0.781329 0.458807 0.106302 0.105858
0 0.0351929 0.829916 0.0703394 0.0877523
0 0.812939 0.601739 0.0928572 0.0918153
0 0.157639 0.825714 0.118288 0.119329
0 0.699039 0.948668 0.096599 0.0968548
0 0.805439 0.236147 0.0993786 0.100223
0 0.704282 0.381426 0.0919651 0.0919882
0 0.778315 0.570104 0.0824471 0.0831364
0 0.0930577 0.212258 0.110352 0.109188
0 0.552382 0.288078 0.111981 0.110297
0 0.804325 0.399015 0.0998798 0.0986575
0 0.656224 0.487586 0.0994796 0.100144
0 0.87939 0.879532 0.0953095 0.0957181
0 0.808015 0.731516 0.091127 0.0915845
0 0.480607 0.186866 0.109451 0.107693
0 0.965567 0.979273 0.0679176 0.0414541
0 0.326601 0.779449 0.0869336 0.0869395
0 0.377489 0.966426 0.0860041 0.0669922
0 0.371093 0.571848 0.111957 0.114489
0 0.382247 0.371843 0.0847099 0.0850976
0 0.330109 0.41286 0.0587794 0.0604066
0 0.57835 0.75854 0.103836 0.103917
0 0.22389 0.235939 0.0969183 0.0968898
0 0.235422 0.570018 0.104518 0.106632
0 0.344883 0.412901 0.0598054 0.0602776
0 0.627142 0.890539 0.0815554 0.0816205
0 0.64353 0.283974 0.0802404 0.0800072
0 0.300118 0.668257 0.050246 0.0507266
0 0.470027 0.367733 0.0447479 0.0460634
0 0.505232 0.799668 0.0931953 0.0925798
0 0.881435 0.980419 0.114877 0.0391621
0 0.50274 0.592595 0.0558224 0.0561727
0 0.2519 0.727505 0.101708 0.101774
0 0.351222 0.688698 0.048839 0.0479144
0 0.660611 0.0980943 0.0886618 0.087395
0 0.567133 0.627403 0.0933788 0.0937472
0 0.500102 0.499225 0.0636814 0.0638257
0 0.29213 0.184459 0.0841786 0.0840011
0 0.616303 0.133488 0.0901595 0.0921613
0 0.293072 0.376081 0.0914846 0.0924184
0 0.327612 0.880144 0.0592741 0.0596166
0 0.392235 0.201847 0.0763109 0.0771834
0 0.486022 0.499819 0.0638914 0.0632659
0 0.891867 0.438759 0.0774004 0.076498
0 0.175587 0.951138 0.0715338 0.0710487
0 0.247022 0.443726 0.0657345 0.0656406
0 0.189082 0.950807 0.0720425 0.0707125
0 0.489262 0.592726 0.0566076 0.0559868
0 0.612182 0.890893 0.0799389 0.0816945
0 0.30592 0.185832 0.0847285 0.0850502
0 0.17157 0.487283 0.0692761 0.0689872
0 0.662013 0.811025 0.0673929 0.066317
0 0.498904 0.903249 0.048769 0.0484133
0 0.545898 0.866467 0.0596764 0.0596798
0 0.313075 0.668354 0.0512847 0.0512187
0 0.916428 0.132225 0.0707447 0.0682918
0 0.711106 0.848301 0.0580509 0.0573914
0 0.725656 0.847997 0.0577398 0.0571688
0 0.313656 0.880717 0.0604726 0.0600988
0 0.456094 0.367775 0.0473463 0.0465653
0 0.185157 0.487392 0.0682938 0.0674389
0 0.449634 0.64499 0.0473504 0.0462296
0 0.647717 0.81032 0.0668112 0.0658442
0 0.33854 0.688546 0.0489486 0.0487131
0 0.367328 0.372118 0.0855994 0.0860575
0 0.232945 0.444299 0.0663235 0.0658269
0 0.962941 0.660904 0.0716028 0.0753253
0 0.564512 0.53477 0.0403166 0.0413917
0 0.850859 0.341387 0.0659613 0.0661454
0 0.196201 0.365356 0.0838053 0.0828067
0 0.513506 0.903861 0.0491371 0.0478193
0 0.362856 0.96623 0.0843856 0.067541
0 0.901984 0.131556 0.0676689 0.0689692
0 0.181949 0.364355 0.082618 0.0824783
0 0.435828 0.645482 0.0461947 0.046269
0 0.605206 0.406242 0.0688538 0.0697844
0 0.560162 0.866594 0.0584619 0.0590279
0 0.444152 0.391992 0.0398485 0.0409601
0 0.277381 0.376058 0.088549 0.0903037
0 0.977256 0.802131 0.0453745 0.0612492
0 0.753758 0.318527 0.0347333 0.0351819
0 0.619315 0.406761 0.0705666 0.0699937
0 0.430467 0.39125 0.041113 0.0413153
0 0.822834 0.816985 0.0399607 0.0400723
0 0.377616 0.201321 0.0757437 0.0753819
0 0.145917 0.543064 0.0500837 0.0511819
0 0.861721 0.790411 0.0439125 0.0440221
0 0.115826 0.0512818 0.0819575 0.0838387
0 0.601419 0.134766 0.0889969 0.0904979
0 0.701693 0.565903 0.0414801 0.041065
0 0.811792 0.816996 0.0400314 0.0401718
0 0.768538 0.824279 0.0520172 0.0539768
0 0.745725 0.904533 0.0552926 0.0540538
0 0.131909 0.543195 0.0504826 0.0513507
0 0.132871 0.153131 0.0442923 0.0440134
0 0.118732 0.153308 0.0441473 0.0439065
0 0.83952 0.341984 0.0659712 0.0649227
0 0.735058 0.904904 0.0571046 0.0546893
0 0.982795 0.940999 0.0344091 0.0665621
0 0.550558 0.534426 0.0404181 0.0418939
0 0.6289 0.283558 0.0811879 0.0800688
0 0.0189648 0.470852 0.0377368 0.0840413
0 0.102353 0.0491886 0.0820946 0.0856015
0 0.883955 0.986498 0.117912 0.0268079
0 0.0190383 0.223352 0.0379814 0.0592649
0 0.688294 0.56631 0.0416361 0.0407489
0 0.847744 0.790854 0.045219 0.0445649
0 0.639736 0.369737 0.0673147 0.0652091
0 0.97509 0.167933 0.0489878 0.0668257
0 0.753532 0.824197 0.0526696 0.054178
0 0.920016 0.73171 0.0620129 0.0628015
0 0.809963 0.103912 0.0579678 0.0575968
0 0.668918 0.444913 0.0744529 0.0746155
0 0.740777 0.318366 0.0365259 0.0362015
0 0.905702 0.438041 0.0757549 0.0750887
0 0.796306 0.103569 0.0565631 0.0567524
0 0.987116 0.938618 0.0257542 0.0623413
0 0.0135128 0.225038 0.0270256 0.0590756
0 0.749004 0.0947372 0.0500115 0.0513195
0 0.645087 0.100611 0.0891007 0.0891746
0 0.0289013 0.980315 0.0573393 0.0393707
0 0.079862 0.312939 0.0413281 0.0404993
0 0.61212 0.306901 0.0392706 0.040545
0 0.0107131 0.943318 0.0213585 0.0900602
0 0.0352243 0.984218 0.0682397 0.0315646
0 0.735475 0.0947101 0.0514565 0.051707
0 0.848951 0.684247 0.0442806 0.0445574
0 0.0358712 0.976848 0.0707933 0.0462095
0 0.0132291 0.46861 0.0264547 0.086056
0 0.753199 0.158325 0.0377804 0.0373308
0 0.0212356 0.974074 0.04246 0.0510969
0 0.350695 0.986598 0.0903505 0.0268035
0 0.521585 0.992436 0.0589767 0.015123
0 0.97242 0.177753 0.0536539 0.0608684
0 0.641489 0.989411 0.0964416 0.0211791
0 0.630619 0.981997 0.11454 0.0360057
0 0.627912 0.369745 0.0683631 0.0623409
0 0.971141 0.662017 0.0577183 0.0858409
0 0.597823 0.304902 0.0424616 0.0437622
0 0.835534 0.68562 0.0460745 0.0456835
0 0.016047 0.945761 0.032094 0.0957891
0 0.63143 0.986916 0.0991257 0.0261678
0 0.0920848 0.599517 0.08285 0.0870021
0 0.739298 0.158133 0.0367771 0.0367758
