0 0.0849064 0.883716 0.167539 0.176729
0 0.831748 0.648796 0.191206 0.189868
0 0.278416 0.90509 0.146575 0.149089
0 0.658601 0.809522 0.142828 0.145399
0 0.666078 0.641189 0.125277 0.124928
0 0.281728 0.342151 0.14 0.142924
0 0.420491 0.867296 0.145635 0.141029
0 0.561065 0.563684 0.154661 0.156184
0 0.924801 0.834921 0.147305 0.159055
0 0.445518 0.628581 0.13126 0.134182
0 0.691541 0.973524 0.112806 0.0529515
0 0.55283 0.775502 0.137244 0.134074
0 0.878826 0.948243 0.157981 0.103513
0 0.0372625 0.955524 0.074525 0.0878634
0 0.0502307 0.95229 0.100461 0.0954208
0 0.830345 0.385262 0.106823 0.106913
0 0.957832 0.962454 0.0843367 0.0733767
0 0.486023 0.953978 0.218425 0.0920445
0 0.746541 0.260682 0.126584 0.129223
0 0.929599 0.292804 0.126445 0.128743
0 0.0824044 0.936125 0.164809 0.12775
0 0.330671 0.60216 0.115681 0.118469
0 0.0608612 0.939222 0.120483 0.12147
0 0.953681 0.972912 0.0918072 0.0538038
0 0.939771 0.949504 0.119712 0.100992
0 0.0946562 0.565673 0.17872 0.180747
0 0.211357 0.129305 0.070035 0.0677056
0 0.713934 0.409749 0.0988564 0.098356
0 0.0347364 0.966747 0.0693953 0.0656123
0 0.748197 0.395775 0.121094 0.119725
0 0.179524 0.377798 0.144361 0.142896
0 0.197471 0.128913 0.0677433 0.0676125
0 0.35276 0.86502 0.0737288 0.072817
0 0.940424 0.965746 0.115922 0.0685079
0 0.778207 0.827433 0.0882326 0.0882502
0 0.262887 0.656533 0.0914201 0.0938878
0 0.402872 0.238963 0.122519 0.124221
0 0.0764051 0.0616655 0.120534 0.119672
0 0.144952 0.648975 0.101803 0.101061
0 0.0834342 0.500548 0.165993 0.181907
0 0.0474615 0.970459 0.093236 0.0590815
0 0.958195 0.94325 0.0836102 0.113501
0 0.492549 0.471185 0.128032 0.134528
0 0.0751627 0.963259 0.150325 0.0733762
0 0.919225 0.935621 0.159895 0.128758
0 0.575739 0.0496686 0.112278 0.0993372
0 0.971054 0.952395 0.0578922 0.0934341
0 0.0550858 0.977215 0.108339 0.0455695
0 0.300288 0.024436 0.0680331 0.048872
0 0.733417 0.270952 0.122669 0.121225
0 0.892954 0.181894 0.122947 0.122926
0 0.914463 0.961138 0.171074 0.0777244
0 0.109188 0.588136 0.164709 0.168231
0 0.93895 0.976537 0.118329 0.0469254
0 0.478678 0.364246 0.112908 0.113121
0 0.945343 0.682761 0.108119 0.121765
0 0.247713 0.652592 0.0990453 0.0991842
0 0.90687 0.839086 0.134077 0.130086
0 0.418834 0.369298 0.0668387 0.0672901
0 0.754664 0.40046 0.0948141 0.0985158
0 0.47161 0.66839 0.0937387 0.0914319
0 0.631226 0.626991 0.0829143 0.0784716
0 0.282059 0.0251297 0.0690803 0.0502594
0 0.800598 0.611489 0.0971707 0.0974562
0 0.403896 0.36669 0.0671785 0.0676521
