0 0.84056 0.974259 0.105048 0.0514786
0 0.0840546 0.939724 0.0871787 0.0853622
0 0.379857 0.965987 0.0815035 0.0675304
0 0.364712 0.768453 0.0602222 0.0584502
0 0.471645 0.923732 0.100802 0.101402
0 0.586861 0.819205 0.0479136 0.0486692
0 0.408605 0.578018 0.0712421 0.0713539
0 0.494019 0.802739 0.0869709 0.0868073
0 0.195577 0.868358 0.0749083 0.0758952
0 0.219884 0.970588 0.0540928 0.0533213
0 0.383624 0.492383 0.075691 0.074656
0 0.204958 0.97045 0.0537434 0.053685
0 0.837722 0.911002 0.0740944 0.0732216
0 0.141013 0.570458 0.0805498 0.0808992
0 0.614704 0.863582 0.0649067 0.0664691
0 0.671587 0.858217 0.0456923 0.0470217
0 0.668196 0.957752 0.0921062 0.0816348
0 0.604329 0.693521 0.0746346 0.0746974
0 0.692227 0.662837 0.068969 0.0699552
0 0.589225 0.693861 0.0730543 0.0744832
0 0.620337 0.494462 0.0578529 0.0573408
0 0.485087 0.62032 0.0679272 0.0691717
0 0.899923 0.757823 0.0865421 0.0845409
0 0.469803 0.383746 0.0656649 0.0655397
0 0.39404 0.966165 0.0813663 0.0676701
0 0.610631 0.978403 0.0399292 0.0406423
0 0.277232 0.561637 0.0864276 0.0873301
0 0.759696 0.751718 0.0385495 0.0370823
0 0.578098 0.918928 0.0917421 0.0908168
0 0.471588 0.620143 0.0683819 0.0691048
0 0.704645 0.827091 0.0754314 0.0767189
0 0.618473 0.602066 0.0798964 0.0831111
0 0.334602 0.826788 0.0663257 0.0668882
0 0.806317 0.629657 0.0643703 0.0656339
0 0.148852 0.313126 0.0669314 0.0681762
0 0.752964 0.557351 0.0735016 0.0735741
0 0.857199 0.658013 0.0727074 0.0720045
0 0.320644 0.826603 0.0654964 0.066738
0 0.706297 0.663292 0.0697187 0.0692563
0 0.544709 0.598464 0.0724133 0.0719954
0 0.800512 0.564219 0.0457111 0.0450155
0 0.81366 0.564176 0.0460679 0.0455605
0 0.628178 0.864429 0.0655259 0.0638783
0 0.281275 0.782025 0.0604776 0.0598961
0 0.739917 0.556071 0.0742701 0.075163
0 0.792752 0.628889 0.0682746 0.0675873
0 0.333743 0.587351 0.0465293 0.0464531
0 0.74574 0.75196 0.0374569 0.0375898
0 0.604594 0.602084 0.0801426 0.0805247
0 0.42638 0.667195 0.0618624 0.0615997
0 0.963779 0.793525 0.0686153 0.0716328
0 0.634066 0.790582 0.0428967 0.0434306
0 0.369889 0.492605 0.0757206 0.074953
0 0.394861 0.577682 0.0698763 0.0695193
0 0.435449 0.489908 0.0675942 0.0683493
0 0.92866 0.863047 0.0702492 0.0699268
0 0.450166 0.490529 0.066741 0.0673403
0 0.575896 0.248346 0.0734471 0.0735139
0 0.934435 0.598276 0.0863743 0.0859093
0 0.182092 0.868724 0.0728977 0.0736296
0 0.378801 0.768153 0.0586808 0.0585317
0 0.441014 0.667719 0.0613623 0.0609685
0 0.233401 0.739806 0.0695956 0.0694664
0 0.530965 0.598722 0.0730093 0.0724356
0 0.414864 0.326898 0.053424 0.0549465
0 0.528924 0.433935 0.0462611 0.0464169
0 0.690374 0.479626 0.065587 0.0676426
0 0.691505 0.826601 0.0773733 0.0762207
0 0.347398 0.587157 0.045925 0.0455371
0 0.629043 0.315397 0.0731283 0.0728948
0 0.824162 0.912163 0.0736928 0.0738759
0 0.665468 0.531219 0.0429716 0.0422919
0 0.643304 0.315253 0.0744263 0.0739953
0 0.562453 0.449976 0.0555935 0.0571023
0 0.915932 0.862962 0.0695948 0.0700027
0 0.265985 0.781938 0.0596129 0.0600243
0 0.704291 0.479233 0.0655386 0.0654512
0 0.634746 0.494929 0.0583944 0.0574608
0 0.572631 0.81874 0.0491406 0.0481186
0 0.142223 0.919089 0.0687681 0.0688327
0 0.395598 0.16587 0.072361 0.0710132
0 0.45621 0.382771 0.0651449 0.0649218
0 0.509067 0.80324 0.0860374 0.0870942
0 0.788257 0.855059 0.0701418 0.0693857
0 0.489379 0.223984 0.0695828 0.0708163
0 0.562705 0.919171 0.0890258 0.0894552
0 0.475106 0.224053 0.069933 0.0706976
0 0.620814 0.790654 0.0433002 0.0436495
0 0.875548 0.276612 0.0544991 0.0544699
0 0.685819 0.85761 0.046654 0.0473653
0 0.514414 0.434324 0.0456247 0.0466714
0 0.861353 0.27679 0.0549419 0.0541683
0 0.304763 0.713378 0.0620214 0.0615206
0 0.247119 0.674894 0.0510029 0.0507455
0 0.869941 0.657836 0.0734667 0.0727671
0 0.319326 0.713945 0.0628862 0.0611674
0 0.247111 0.7396 0.069583 0.0689814
0 0.576564 0.450335 0.0575411 0.0574922
0 0.400893 0.326509 0.0531428 0.0547676
0 0.260488 0.675162 0.0508426 0.0507142
0 0.134775 0.312717 0.066279 0.0661861
0 0.529615 0.543137 0.0686819 0.0739104
0 0.698371 0.410135 0.0641417 0.0657581
0 0.775095 0.854526 0.0708574 0.0709796
0 0.624212 0.978381 0.0402391 0.0410333
0 0.962687 0.303612 0.0728998 0.0738147
0 0.269001 0.87166 0.0552839 0.0558963
0 0.128622 0.919023 0.0685969 0.068486
0 0.154016 0.726409 0.0819541 0.0813623
0 0.482758 0.42774 0.0427294 0.0424552
0 0.76186 0.402389 0.0709806 0.0731295
0 0.560588 0.247621 0.074378 0.0746346
0 0.719257 0.728898 0.0420653 0.0410154
0 0.283189 0.871715 0.0560276 0.0564822
0 0.651394 0.530206 0.0420715 0.041747
0 0.757096 0.194711 0.0628113 0.0636569
0 0.58886 0.546457 0.0463276 0.0477881
0 0.380404 0.166176 0.0714988 0.0702153
0 0.930004 0.516231 0.0697386 0.0717772
0 0.885717 0.540164 0.0587406 0.0582413
0 0.895351 0.475681 0.0544344 0.0547456
0 0.391735 0.859275 0.0348964 0.0354407
0 0.0889888 0.349995 0.0714356 0.0710044
0 0.664273 0.437447 0.0562552 0.0562918
0 0.0741091 0.595658 0.0665191 0.0677425
0 0.87278 0.540633 0.0583408 0.0593366
0 0.495469 0.428053 0.0427931 0.0424105
0 0.192435 0.491655 0.0846775 0.0863973
0 0.434661 0.426231 0.0781473 0.0763237
0 0.215898 0.592049 0.0428526 0.042322
0 0.1541 0.784331 0.063426 0.063267
0 0.563125 0.830044 0.0417234 0.0419445
0 0.686573 0.410371 0.0687641 0.0692996
0 0.060275 0.594315 0.0671378 0.0688765
0 0.881043 0.474769 0.0546448 0.0540298
0 0.705799 0.728775 0.0406874 0.0403269
0 0.142896 0.78487 0.062683 0.0633266
0 0.549107 0.831356 0.0387217 0.0404559
0 0.28601 0.432375 0.0698106 0.0687753
0 0.948359 0.304415 0.0749325 0.0742046
0 0.636143 0.0576492 0.0742124 0.075376
0 0.651824 0.437043 0.0569247 0.0564822
0 0.747358 0.403243 0.0709328 0.0722932
0 0.0684347 0.753073 0.0630865 0.063739
0 0.571894 0.348195 0.0698977 0.0737464
0 0.942593 0.515208 0.0721005 0.0719376
0 0.705126 0.894623 0.0415174 0.0415639
0 0.377209 0.859282 0.0356084 0.0359406
0 0.71909 0.894866 0.0415098 0.0411972
0 0.862863 0.42606 0.0350517 0.0346148
0 0.548427 0.727568 0.0488981 0.0494342
0 0.974952 0.696874 0.0492741 0.0674428
0 0.833432 0.130368 0.0664974 0.0671394
0 0.874664 0.209791 0.0522236 0.0525306
0 0.243665 0.813718 0.0397423 0.0412819
0 0.892695 0.341436 0.0333187 0.033234
0 0.345867 0.527301 0.0397677 0.0400588
0 0.726558 0.209277 0.0609694 0.0602454
0 0.333345 0.528892 0.0403325 0.0409434
0 0.0750742 0.349708 0.0715704 0.0707199
0 0.860149 0.209473 0.053764 0.0535171
0 0.680036 0.0752116 0.0519056 0.0521847
0 0.199806 0.667833 0.0549502 0.055957
0 0.203265 0.591826 0.0428994 0.0436262
0 0.272305 0.431354 0.0691944 0.0693892
0 0.197662 0.238286 0.073804 0.0752461
0 0.53517 0.726168 0.0484262 0.0497032
0 0.92232 0.281033 0.0398357 0.0412671
0 0.227551 0.812387 0.0407981 0.0407586
0 0.490406 0.488407 0.0443267 0.0443673
0 0.183823 0.665132 0.0528944 0.0527587
0 0.618763 0.058472 0.0749922 0.0765267
0 0.11596 0.847202 0.0620543 0.0633378
0 0.17575 0.488751 0.0842115 0.0851188
0 0.556442 0.347399 0.0700716 0.0719505
0 0.849318 0.425395 0.033873 0.0346862
0 0.0568137 0.754018 0.0652258 0.0648176
0 0.794493 0.819852 0.0773611 0.0727261
0 0.574184 0.545552 0.0478083 0.0498318
0 0.914352 0.72226 0.0708801 0.0701523
0 0.52233 0.992252 0.0857161 0.0154953
0 0.829502 0.394776 0.0499313 0.0516048
0 0.909362 0.279958 0.0391827 0.0381962
0 0.732929 0.712299 0.0451742 0.0443937
0 0.476069 0.489811 0.0421785 0.0434086
0 0.182292 0.237986 0.0738986 0.0750019
0 0.530575 0.367888 0.0505131 0.0509995
0 0.746448 0.711692 0.0427764 0.0435162
0 0.566761 0.522447 0.0364834 0.0373918
0 0.0310729 0.632718 0.0616045 0.0736088
0 0.818838 0.130431 0.0654348 0.06612
0 0.497635 0.29501 0.040728 0.0416878
0 0.711902 0.206477 0.0616636 0.061063
0 0.41004 0.234983 0.0457705 0.0456205
0 0.517166 0.3679 0.0497924 0.0503424
0 0.741969 0.195892 0.0645764 0.0646788
0 0.424137 0.235144 0.0470221 0.0451524
0 0.247464 0.464648 0.060288 0.0608934
0 0.450251 0.263759 0.0389655 0.0391188
0 0.14116 0.724163 0.0773055 0.0798711
0 0.457199 0.137622 0.0641912 0.0659765
0 0.815414 0.395232 0.0509432 0.0526702
0 0.741602 0.938219 0.0393809 0.0382034
0 0.151737 0.991416 0.0644274 0.0171672
0 0.923359 0.95298 0.0588488 0.056974
0 0.134331 0.202878 0.0531729 0.0532998
0 0.48404 0.295315 0.0412281 0.0426099
0 0.125672 0.849552 0.0605304 0.0621669
0 0.436072 0.265217 0.0379251 0.0392176
0 0.27882 0.329453 0.0469999 0.0465514
0 0.765146 0.253565 0.0380495 0.0369043
0 0.226627 0.154237 0.0496787 0.0501212
0 0.78791 0.118551 0.0441265 0.0444507
0 0.666485 0.0745747 0.0515924 0.0527943
0 0.421488 0.427012 0.0734402 0.0744373
0 0.552511 0.523729 0.036887 0.0356281
0 0.551236 0.0922689 0.0526762 0.0513312
0 0.652681 0.955025 0.0772305 0.0782667
0 0.741253 0.0239309 0.0661472 0.0478617
0 0.265098 0.332476 0.047878 0.0488579
0 0.139098 0.9891 0.0581391 0.0218001
0 0.538386 0.0927697 0.0502998 0.0511147
0 0.413837 0.383952 0.0507877 0.0503141
0 0.879334 0.340549 0.0329159 0.0337336
0 0.235622 0.46476 0.0608911 0.0605857
0 0.751555 0.253218 0.0382566 0.0381189
0 0.11921 0.203265 0.0530679 0.052898
0 0.444791 0.138236 0.0633597 0.0617048
0 0.212684 0.153721 0.050352 0.0507291
0 0.74395 0.984481 0.0595152 0.0304012
0 0.799479 0.459635 0.0437046 0.0443746
0 0.728363 0.0226595 0.0658228 0.0450481
0 0.610675 0.46186 0.0482701 0.0487475
0 0.854622 0.979357 0.0963898 0.0412856
0 0.727819 0.936415 0.039921 0.0383043
0 0.518872 0.543284 0.0693416 0.069353
0 0.758017 0.829019 0.0341108 0.0353245
0 0.575343 0.378113 0.0494921 0.046524
0 0.35438 0.373069 0.028539 0.0282494
0 0.367448 0.305398 0.0329067 0.0324997
0 0.538481 0.11733 0.0447413 0.0439451
0 0.744403 0.827908 0.0338123 0.0335833
0 0.39948 0.385373 0.0500407 0.0490691
0 0.559408 0.380455 0.0471805 0.0469924
0 0.750471 0.981172 0.0639263 0.0376554
0 0.52411 0.117752 0.0433046 0.0423696
0 0.611311 0.151798 0.0394934 0.0405051
0 0.773706 0.118554 0.0431351 0.043186
0 0.590317 0.111179 0.0444094 0.046395
0 0.500008 0.0871958 0.0576588 0.0552876
0 0.596499 0.147841 0.0409287 0.0423245
