0 0.0993055 0.976546 0.114882 0.0464993
0 0.969112 0.907503 0.0617352 0.0869975
0 0.237833 0.893547 0.100513 0.0979384
0 0.390028 0.975274 0.110724 0.0491352
0 0.838607 0.723562 0.111278 0.111117
0 0.970221 0.64832 0.0594368 0.0962926
0 0.431345 0.662235 0.0902644 0.0909969
0 0.5578 0.737439 0.108817 0.107646
0 0.228079 0.799149 0.094663 0.0941383
0 0.616142 0.933032 0.107475 0.107951
0 0.817235 0.974656 0.103768 0.0495529
0 0.652123 0.704496 0.0864416 0.087955
0 0.504466 0.972898 0.0783426 0.0542041
0 0.742109 0.69718 0.0942852 0.0930865
0 0.555653 0.980354 0.0829598 0.0389674
0 0.612417 0.428101 0.0860603 0.0846274
0 0.182677 0.718579 0.091929 0.092435
0 0.0747948 0.743994 0.0874648 0.0880411
0 0.771672 0.855914 0.0887667 0.0890481
0 0.917076 0.849999 0.085321 0.0851896
0 0.3189 0.760896 0.0743341 0.0753825
0 0.377323 0.828035 0.0698538 0.0711138
0 0.548675 0.476227 0.0684278 0.0691238
0 0.263239 0.703854 0.084126 0.0837355
0 0.836212 0.931135 0.0598799 0.0596626
0 0.429448 0.928752 0.0941817 0.0923962
0 0.739758 0.954405 0.0712183 0.0727058
0 0.173315 0.931608 0.090733 0.0880041
0 0.597191 0.428185 0.084842 0.0845699
0 0.248893 0.703967 0.0826766 0.0820976
0 0.931405 0.851008 0.0859234 0.0855169
0 0.491134 0.972259 0.0765163 0.0554812
0 0.541073 0.980606 0.0828629 0.0386342
0 0.592051 0.599674 0.0819881 0.0829582
0 0.363411 0.828419 0.0681871 0.0707934
0 0.677867 0.307627 0.0673262 0.067337
0 0.289898 0.454327 0.0829183 0.0832944
0 0.725756 0.954185 0.0704557 0.0697126
0 0.821935 0.931058 0.0598 0.059407
0 0.660487 0.510561 0.0829397 0.0840736
0 0.115179 0.605068 0.0961168 0.0942207
0 0.26658 0.568006 0.0752936 0.0739133
0 0.129949 0.774668 0.0697957 0.0699333
0 0.705997 0.814427 0.057198 0.0571777
0 0.35528 0.418652 0.0732107 0.0731395
0 0.251545 0.566131 0.0727321 0.0737927
0 0.0893842 0.841398 0.0651195 0.0665731
0 0.275721 0.45465 0.0812407 0.0811124
0 0.790717 0.236477 0.0615507 0.0627348
0 0.533916 0.476129 0.068417 0.0678059
0 0.305197 0.760226 0.072954 0.0740654
0 0.0649364 0.446009 0.0825851 0.0811474
0 0.338289 0.594352 0.0764208 0.0771548
0 0.324969 0.593736 0.0767465 0.0775715
0 0.132958 0.40667 0.0711839 0.0708186
0 0.671808 0.566564 0.0786777 0.0771212
0 0.340862 0.419148 0.0717591 0.0729116
0 0.8158 0.379187 0.0792973 0.0800509
0 0.646062 0.509959 0.0855195 0.0857728
0 0.663649 0.30489 0.0680615 0.068745
0 0.11871 0.406592 0.07006 0.0694182
0 0.0358957 0.651763 0.0715343 0.0935791
0 0.0752958 0.841597 0.0665252 0.0654177
0 0.832279 0.378956 0.0776096 0.0785832
0 0.823123 0.572142 0.0748989 0.0741628
0 0.690895 0.814276 0.0570807 0.0569813
0 0.6568 0.566476 0.0779659 0.0784486
0 0.890495 0.763792 0.0575817 0.057269
0 0.349924 0.939129 0.0768932 0.074769
0 0.144867 0.774962 0.0704206 0.0711047
0 0.724537 0.556245 0.0554277 0.0559695
0 0.809401 0.570481 0.0742249 0.075352
0 0.167127 0.715931 0.0910476 0.089668
0 0.53939 0.849184 0.0535161 0.053993
0 0.776653 0.236835 0.0609981 0.0632678
0 0.800424 0.138785 0.0710858 0.0699268
0 0.22393 0.621331 0.0619771 0.0619748
0 0.960581 0.426775 0.0751915 0.0805859
0 0.964075 0.352396 0.0718496 0.0772856
0 0.208754 0.621715 0.0605978 0.0612523
0 0.766006 0.59283 0.0326317 0.0330625
0 0.876494 0.76473 0.0598179 0.0594123
0 0.57867 0.598066 0.0802273 0.0821683
0 0.766259 0.535173 0.0600277 0.0582585
0 0.744835 0.279293 0.0558842 0.0562816
0 0.203181 0.500996 0.0774141 0.07707
0 0.748981 0.402364 0.0629574 0.0617736
0 0.335554 0.936371 0.074859 0.075458
0 0.497444 0.579311 0.0553036 0.0540141
0 0.777155 0.534533 0.0608563 0.0592607
0 0.524753 0.848906 0.0522957 0.053346
0 0.730003 0.278483 0.0563328 0.0566179
0 0.100322 0.602209 0.0930079 0.0928495
0 0.785035 0.139623 0.0720751 0.0698379
0 0.70918 0.557204 0.0573524 0.0584482
0 0.733328 0.404231 0.0615105 0.0587448
0 0.587397 0.18085 0.0559299 0.0579327
0 0.874122 0.311987 0.0881989 0.0878502
0 0.481535 0.294822 0.0665263 0.0682069
0 0.025227 0.834685 0.050454 0.113713
0 0.95259 0.355473 0.0778137 0.0759778
0 0.468372 0.609464 0.0534307 0.0532829
0 0.786513 0.344122 0.0651293 0.0662851
0 0.495957 0.294828 0.0658352 0.0675266
0 0.0516743 0.443616 0.0799046 0.0789848
0 0.323617 0.868282 0.0630116 0.0622643
0 0.189053 0.501246 0.0759814 0.0758485
0 0.45343 0.60991 0.0518603 0.053451
0 0.482385 0.579471 0.0558844 0.0554329
0 0.519675 0.351694 0.0487982 0.0486017
0 0.903297 0.630539 0.0660791 0.0651182
0 0.526561 0.646175 0.0599988 0.0591031
0 0.448318 0.756696 0.0620911 0.0621819
0 0.504189 0.351853 0.0495812 0.0485025
0 0.498215 0.825741 0.0403999 0.0408592
0 0.693681 0.15222 0.0598955 0.0591695
0 0.894916 0.317639 0.0694283 0.0651104
0 0.346032 0.804627 0.0315489 0.0320101
0 0.775474 0.34039 0.0650796 0.0633365
0 0.980211 0.526957 0.0389618 0.052368
0 0.0332438 0.541291 0.0663219 0.0817089
0 0.371364 0.697004 0.0700408 0.0728907
0 0.432913 0.756648 0.0589465 0.0602434
0 0.752318 0.593222 0.0338497 0.0339923
0 0.0302395 0.642814 0.0604739 0.0853361
0 0.0262987 0.53767 0.0525973 0.0707094
0 0.571769 0.179277 0.0562468 0.0560396
0 0.228479 0.272785 0.066665 0.0679549
0 0.678802 0.14984 0.0591011 0.0607097
0 0.682226 0.280054 0.0475968 0.0479839
0 0.692946 0.27962 0.0463322 0.0470628
0 0.450187 0.448578 0.056624 0.0570088
0 0.214131 0.273474 0.065489 0.0678075
0 0.485093 0.823999 0.0423645 0.0424983
0 0.883185 0.316319 0.0714851 0.0722826
0 0.435727 0.45286 0.0565643 0.0572077
0 0.44056 0.219735 0.0655243 0.062566
0 0.364128 0.157273 0.0537047 0.052896
0 0.63781 0.706098 0.0834088 0.085996
0 0.3595 0.701641 0.0733219 0.0752574
0 0.110631 0.982621 0.106907 0.0347576
0 0.349798 0.155943 0.0541942 0.0553047
0 0.865489 0.30325 0.0797514 0.0803082
0 0.305674 0.6462 0.0357287 0.0354566
0 0.768973 0.459543 0.0285032 0.0300177
0 0.710939 0.780494 0.0880251 0.0910296
0 0.227353 0.230538 0.0557879 0.0550619
0 0.302959 0.855762 0.0577196 0.0578734
0 0.511026 0.646084 0.0562391 0.0569832
0 0.318325 0.857432 0.0590209 0.0598157
0 0.413575 0.389019 0.0513894 0.0521923
0 0.292941 0.221221 0.0644498 0.0644612
0 0.88892 0.628103 0.0675892 0.0659276
