0 0.931229 0.82622 0.1356 0.177246
0 0.789836 0.799881 0.205065 0.202178
0 0.544963 0.543574 0.16085 0.158882
0 0.92214 0.335452 0.155721 0.189323
0 0.464589 0.851595 0.179957 0.179219
0 0.202087 0.69529 0.162889 0.163141
0 0.588197 0.351512 0.170833 0.171541
0 0.43835 0.290065 0.152419 0.149447
0 0.836828 0.494984 0.144341 0.142482
0 0.836137 0.25159 0.14048 0.140214
0 0.919647 0.610794 0.127621 0.130671
0 0.949942 0.1539 0.100116 0.141703
0 0.135805 0.309491 0.167161 0.168392
0 0.499696 0.656392 0.129815 0.12917
0 0.0802085 0.820659 0.120536 0.117444
0 0.628862 0.212207 0.128339 0.12484
0 0.679816 0.57328 0.122939 0.124716
0 0.208964 0.96041 0.150983 0.0789439
0 0.735104 0.437171 0.135843 0.134007
0 0.135081 0.137742 0.119348 0.119892
0 0.64146 0.654311 0.129171 0.125242
0 0.32214 0.349692 0.129709 0.127432
0 0.502917 0.130967 0.135645 0.13445
0 0.874333 0.63628 0.102297 0.101427
0 0.0344322 0.964901 0.0688643 0.0688599
0 0.592802 0.966725 0.0871199 0.0664065
0 0.0450354 0.960305 0.0894638 0.0775644
0 0.335014 0.86866 0.125382 0.124853
0 0.229598 0.117721 0.1273 0.126064
0 0.0490073 0.972319 0.096407 0.0553631
0 0.742819 0.201777 0.0976223 0.0965239
0 0.398604 0.468212 0.0974343 0.098088
0 0.782388 0.0453872 0.123401 0.0907744
0 0.707707 0.0882748 0.0647837 0.0644133
0 0.144685 0.332752 0.159796 0.160286
0 0.960367 0.963299 0.0780872 0.0733592
0 0.0475756 0.946897 0.0951512 0.106206
0 0.0703853 0.975198 0.137956 0.0492017
0 0.973665 0.954835 0.0513519 0.0884712
0 0.344439 0.85387 0.15133 0.150732
0 0.0617537 0.816719 0.114064 0.11713
0 0.726591 0.245431 0.0719452 0.070483
0 0.252381 0.446224 0.103064 0.101723
0 0.247928 0.879222 0.0579007 0.0583206
0 0.306034 0.340074 0.125222 0.126725
0 0.96331 0.973161 0.0725527 0.0532087
0 0.690536 0.0874386 0.0658039 0.0627757
0 0.234875 0.878513 0.0606201 0.0591911
0 0.945277 0.968419 0.105924 0.0631613
0 0.0794349 0.971191 0.15887 0.0566728
0 0.113227 0.464802 0.0776027 0.0745452
0 0.0338674 0.951234 0.067494 0.0975311
0 0.0755597 0.959652 0.145531 0.0793068
0 0.384294 0.464708 0.0930284 0.0942291
0 0.955092 0.952226 0.0893852 0.0934549
0 0.31791 0.0295122 0.0873044 0.0590244
0 0.129207 0.467718 0.0782123 0.0800934
0 0.610572 0.966954 0.106901 0.0660924
0 0.931791 0.957805 0.136419 0.08337
0 0.40852 0.978257 0.13303 0.0431351
0 0.7109 0.24215 0.073408 0.0754416
0 0.0398754 0.409508 0.0797507 0.118168
0 0.964247 0.0243055 0.0708498 0.0486111
0 0.768343 0.0374459 0.126463 0.0748918
0 0.148566 0.149694 0.123451 0.126726
0 0.690134 0.0200809 0.107436 0.0401618
0 0.303722 0.0332852 0.0862338 0.0657405
0 0.951848 0.975699 0.0920088 0.0485699
0 0.0238728 0.952071 0.0477456 0.0956828
0 0.02769 0.036742 0.0552961 0.0729732
