0 0.950161 0.412885 0.0996157 0.131169
0 0.450174 0.876932 0.138012 0.134637
0 0.913783 0.827383 0.140676 0.138286
0 0.364527 0.816704 0.106585 0.107473
0 0.194451 0.792724 0.113176 0.112896
0 0.702524 0.533444 0.109918 0.108795
0 0.121184 0.810275 0.10418 0.1045
0 0.232548 0.671236 0.117652 0.114161
0 0.566637 0.975413 0.120226 0.0491547
0 0.773308 0.470422 0.091061 0.0892544
0 0.339084 0.921915 0.0979218 0.0995757
0 0.52995 0.387677 0.112824 0.115546
0 0.0422963 0.275834 0.0845927 0.0979135
0 0.162025 0.705623 0.0879156 0.0886365
0 0.0240829 0.474288 0.0481594 0.101379
0 0.393514 0.494526 0.111777 0.115018
0 0.80955 0.812926 0.10303 0.102232
0 0.752544 0.386186 0.10152 0.102951
0 0.131535 0.57825 0.0991813 0.099315
0 0.654542 0.304683 0.106495 0.105394
0 0.67319 0.768055 0.0766527 0.0767235
0 0.753694 0.687062 0.105226 0.107488
0 0.477962 0.689082 0.102019 0.102073
0 0.722236 0.863796 0.0912079 0.0912863
0 0.972048 0.604475 0.0551662 0.130651
0 0.218632 0.54543 0.0661429 0.0661925
0 0.568416 0.831634 0.105806 0.106801
0 0.13475 0.463837 0.089295 0.0898809
0 0.522606 0.578873 0.0850027 0.0856425
0 0.665962 0.642584 0.0751186 0.0782656
0 0.788736 0.183295 0.0690287 0.0703985
0 0.232937 0.545959 0.0673369 0.0676902
0 0.852982 0.550573 0.0478422 0.0477823
0 0.658942 0.767432 0.0765766 0.0766831
0 0.34688 0.450133 0.0894907 0.0889839
0 0.447905 0.767065 0.0732214 0.0723822
0 0.408133 0.197134 0.0772825 0.0765579
0 0.290934 0.141819 0.104392 0.100719
0 0.628116 0.43162 0.0619221 0.0622058
0 0.530507 0.781565 0.0833674 0.084669
0 0.77412 0.184003 0.0703747 0.0701218
0 0.613803 0.431335 0.0632261 0.0623866
0 0.94295 0.0693047 0.087323 0.0910614
0 0.900064 0.617976 0.0643206 0.0624901
0 0.729887 0.0974291 0.0837753 0.083728
0 0.437596 0.317876 0.0807073 0.0813636
0 0.555727 0.146823 0.109491 0.1105
0 0.744073 0.0986828 0.0836046 0.0824343
0 0.565852 0.26516 0.0954205 0.0954568
0 0.598437 0.695948 0.0821644 0.0814715
0 0.467537 0.448057 0.0558802 0.0560179
0 0.434245 0.767933 0.0724938 0.0731206
0 0.422475 0.31778 0.0802891 0.0805517
0 0.824128 0.196173 0.0473482 0.0484432
0 0.58357 0.696206 0.0814489 0.0806095
0 0.906915 0.685237 0.0493427 0.0484413
0 0.118318 0.313337 0.0554685 0.054098
0 0.13338 0.313578 0.0552741 0.0546785
0 0.516492 0.782834 0.0843617 0.0852015
0 0.934237 0.273359 0.0774216 0.0789869
0 0.880328 0.228777 0.0833973 0.0836924
0 0.0549941 0.792375 0.109302 0.111855
0 0.45341 0.448379 0.056752 0.0561913
0 0.699421 0.412748 0.0823223 0.0847208
0 0.838992 0.550883 0.0489304 0.0480327
0 0.919681 0.27309 0.0782232 0.0796507
0 0.394284 0.197338 0.077296 0.0766435
0 0.651103 0.642769 0.0744856 0.0757454
0 0.809798 0.195918 0.0488003 0.050566
0 0.8659 0.229491 0.081761 0.0835764
0 0.879993 0.0737023 0.0814243 0.0823516
0 0.885366 0.618289 0.0675106 0.0651494
0 0.842673 0.686783 0.0533764 0.0531349
0 0.255662 0.338495 0.0686386 0.0704214
0 0.270099 0.340745 0.0703536 0.0689851
0 0.487536 0.370017 0.0718272 0.0680836
0 0.663082 0.510631 0.047626 0.0471162
0 0.657706 0.247787 0.0836342 0.0862452
0 0.389119 0.0480893 0.0963656 0.0924351
0 0.981705 0.606609 0.0365906 0.134931
0 0.661857 0.0504524 0.108506 0.0981886
0 0.647919 0.511549 0.0461208 0.046092
0 0.891635 0.685169 0.0486202 0.0473562
0 0.863249 0.0733053 0.0811687 0.082663
0 0.207885 0.194487 0.0775399 0.0778438
0 0.304162 0.14869 0.105242 0.104015
0 0.828178 0.687814 0.0531534 0.0528971
0 0.685148 0.413932 0.0854687 0.0858705
0 0.193956 0.195169 0.0758163 0.0772118
0 0.576222 0.982328 0.121533 0.0353444
0 0.204834 0.151534 0.0869774 0.0890522
0 0.030036 0.970794 0.060072 0.0574076
0 0.507876 0.275847 0.063274 0.0624919
0 0.0184647 0.620201 0.0367668 0.096424
0 0.142607 0.206181 0.0589279 0.059408
0 0.929779 0.0744937 0.0934498 0.0921789
0 0.0383765 0.975132 0.0752861 0.0495707
0 0.454517 0.17507 0.0691441 0.0678919
0 0.372865 0.0475509 0.0928405 0.0908519
0 0.389098 0.334465 0.0789267 0.0781322
0 0.865311 0.294099 0.0487209 0.0485219
0 0.34053 0.300914 0.093514 0.0957527
0 0.128972 0.206794 0.0591975 0.0590054
0 0.492183 0.274877 0.0617912 0.0623151
0 0.644021 0.246945 0.0829844 0.0826738
0 0.437644 0.170402 0.0686356 0.0690605
0 0.851571 0.295151 0.0495159 0.0489652
0 0.0119112 0.616194 0.0237822 0.0870842
0 0.0232452 0.627906 0.0461816 0.105006
0 0.483682 0.190159 0.0769531 0.0746134
0 0.332599 0.447338 0.0894187 0.0884249
0 0.36335 0.573619 0.0393188 0.039904
0 0.0472577 0.984475 0.0906291 0.03105
0 0.662672 0.0358951 0.105206 0.0717902
0 0.646049 0.0547076 0.10817 0.0993105
0 0.379183 0.342132 0.0785736 0.0780142
0 0.27385 0.277298 0.0392723 0.0414347
