0 0.939835 0.713952 0.0990557 0.101105
0 0.0389109 0.374424 0.077605 0.1091
0 0.0421117 0.621565 0.0818083 0.0889458
0 0.623795 0.704922 0.0896297 0.0904945
0 0.955938 0.401776 0.0860859 0.0892109
0 0.70637 0.25889 0.0998251 0.0997774
0 0.118426 0.648696 0.111084 0.111934
0 0.960136 0.939152 0.0787949 0.0869906
0 0.0254423 0.207979 0.0508845 0.0885293
0 0.613603 0.968352 0.10837 0.0632969
0 0.444147 0.575891 0.0784887 0.0802518
0 0.189078 0.754058 0.0722136 0.0730115
0 0.605805 0.413416 0.095175 0.0968544
0 0.485342 0.801905 0.0779376 0.078043
0 0.187375 0.539745 0.0922448 0.0941522
0 0.819506 0.483405 0.0798342 0.0805353
0 0.584934 0.305357 0.0938932 0.0942878
0 0.836916 0.753281 0.0805292 0.0804655
0 0.370703 0.539563 0.0773869 0.0775378
0 0.226805 0.937144 0.088924 0.0866674
0 0.335246 0.135822 0.0811793 0.0817157
0 0.301841 0.604338 0.0602201 0.0601114
0 0.490027 0.308201 0.0852003 0.0854018
0 0.174817 0.753572 0.0724769 0.0718786
0 0.456371 0.694836 0.0950182 0.0943984
0 0.48276 0.0449485 0.090786 0.0890906
0 0.439151 0.888283 0.0971663 0.0948601
0 0.471678 0.517862 0.0539993 0.0530223
0 0.145584 0.442226 0.098527 0.0983529
0 0.583044 0.718681 0.0454824 0.0459796
0 0.598529 0.590559 0.0727846 0.0713455
0 0.43926 0.391137 0.0620127 0.0631321
0 0.607705 0.223253 0.0806247 0.0786569
0 0.37469 0.660708 0.112786 0.113551
0 0.317779 0.41847 0.0756032 0.0759029
0 0.190806 0.854575 0.0770212 0.0755979
0 0.943676 0.839438 0.0983013 0.0933563
0 0.679809 0.947978 0.0893778 0.0911041
0 0.578808 0.499845 0.0680326 0.0676735
0 0.402137 0.164135 0.0878652 0.0870896
0 0.601706 0.875126 0.0660831 0.0667669
0 0.367784 0.40688 0.0543355 0.0539798
0 0.273158 0.679718 0.0869337 0.086101
0 0.436479 0.786009 0.0536442 0.0543371
0 0.425822 0.39158 0.0612262 0.0612667
0 0.346127 0.260787 0.0781689 0.0778336
0 0.244449 0.611908 0.0518493 0.0516363
0 0.773079 0.52025 0.0904099 0.0902967
0 0.356883 0.539971 0.0760252 0.0756412
0 0.500964 0.16563 0.0911486 0.0948092
0 0.0155771 0.8593 0.0308792 0.0865777
0 0.569245 0.719056 0.043844 0.0447787
0 0.682694 0.514745 0.0728399 0.0723068
0 0.332111 0.417716 0.075267 0.0765925
0 0.171585 0.540598 0.0944185 0.0931379
0 0.564808 0.499456 0.0673605 0.0667601
0 0.20196 0.235812 0.0747049 0.0742144
0 0.302641 0.528782 0.0527712 0.053802
0 0.382802 0.406939 0.0535132 0.0537755
0 0.216861 0.235869 0.0762448 0.0764334
0 0.628835 0.122336 0.0673492 0.0683357
0 0.396462 0.475503 0.0787101 0.0789988
0 0.289787 0.28047 0.068383 0.0683471
0 0.382018 0.296086 0.0535516 0.0544959
0 0.429535 0.233088 0.0747299 0.0748966
0 0.427084 0.333792 0.0375913 0.0377457
0 0.110621 0.830231 0.0872565 0.0879236
0 0.499238 0.802392 0.0774099 0.0775978
0 0.28876 0.163704 0.0622293 0.0607607
0 0.585025 0.590115 0.0709671 0.069473
0 0.410507 0.475493 0.0794356 0.0792642
0 0.520997 0.478131 0.0448015 0.0446442
0 0.417487 0.163972 0.0876102 0.0867339
0 0.414773 0.232186 0.0734323 0.0750331
0 0.245552 0.42403 0.107234 0.105896
0 0.136786 0.228487 0.0629633 0.0624734
0 0.430472 0.576324 0.0775645 0.0782796
0 0.689555 0.603372 0.070623 0.0715708
0 0.0110216 0.859865 0.0220431 0.0866365
0 0.367062 0.295959 0.0533992 0.0551785
0 0.258589 0.611798 0.0515849 0.0504847
0 0.48338 0.429865 0.073674 0.073178
0 0.457994 0.518139 0.0532812 0.0533052
0 0.150422 0.228737 0.0622599 0.0616966
0 0.553412 0.784049 0.0539267 0.0531628
0 0.317266 0.603855 0.0607598 0.0591154
0 0.422865 0.786365 0.054651 0.0547943
0 0.568833 0.306945 0.092086 0.0928816
0 0.0912149 0.300297 0.0808486 0.0816315
0 0.752382 0.274362 0.0602062 0.0588051
0 0.85843 0.557462 0.0647703 0.065633
0 0.497254 0.429566 0.0737637 0.0748044
0 0.616029 0.875014 0.0679901 0.0674835
0 0.475557 0.309029 0.0852809 0.0856597
0 0.566951 0.784029 0.0546213 0.0535479
0 0.508483 0.931577 0.0862316 0.0874252
0 0.534302 0.477731 0.0435913 0.0433167
0 0.204128 0.669022 0.0548187 0.0549268
0 0.359812 0.261434 0.0780362 0.0763902
0 0.248901 0.513051 0.0551434 0.0553074
0 0.786602 0.139469 0.0808071 0.0817126
0 0.66932 0.513852 0.0737162 0.0733093
0 0.519021 0.736098 0.0368353 0.0368739
0 0.563116 0.859381 0.0534214 0.0551924
0 0.550251 0.347413 0.059572 0.0588122
0 0.631992 0.800846 0.0578767 0.0568136
0 0.536067 0.347305 0.058492 0.057787
0 0.675093 0.602549 0.0716856 0.0705855
0 0.0781891 0.301427 0.0789054 0.0780718
0 0.801511 0.85375 0.0830181 0.0807494
0 0.408395 0.976939 0.0587552 0.0461224
0 0.733119 0.666529 0.0464384 0.045149
0 0.533078 0.736732 0.0384171 0.0378583
0 0.320377 0.136049 0.0814995 0.0823616
0 0.175576 0.855022 0.0750668 0.0741025
0 0.274225 0.280974 0.0683239 0.0690931
0 0.317016 0.528497 0.051139 0.0515685
0 0.258815 0.679661 0.0864534 0.0834544
0 0.275519 0.164868 0.0613771 0.0610591
0 0.840422 0.679942 0.0722149 0.0727811
0 0.805363 0.483869 0.0801976 0.0807935
0 0.614755 0.12105 0.0681637 0.069904
0 0.630466 0.4921 0.0449673 0.0442055
0 0.584616 0.650779 0.0472874 0.046698
0 0.467196 0.0449895 0.0918806 0.0876633
0 0.895699 0.386878 0.0519337 0.0515767
0 0.235027 0.513254 0.0545484 0.0557674
0 0.776095 0.41889 0.0570544 0.0554963
0 0.0337085 0.516269 0.0626754 0.0633298
0 0.413715 0.333069 0.0372686 0.0384328
0 0.218989 0.669015 0.0532557 0.0546778
0 0.572356 0.65066 0.045698 0.0464391
0 0.549348 0.85917 0.0550806 0.0550823
0 0.392696 0.977278 0.0581974 0.045444
0 0.043073 0.929323 0.0431824 0.0434926
0 0.0805693 0.535877 0.0714973 0.0692489
0 0.552486 0.0712638 0.0938534 0.0948769
0 0.81795 0.242865 0.0733684 0.0732808
0 0.545869 0.676437 0.051963 0.0523287
0 0.659031 0.814032 0.0776344 0.0740939
0 0.414249 0.0892053 0.0545657 0.0535584
0 0.108084 0.75327 0.049291 0.0472569
0 0.559106 0.676507 0.0521801 0.0519638
0 0.691287 0.195175 0.0594748 0.0576714
0 0.0938186 0.536143 0.0702536 0.0697454
0 0.71895 0.666645 0.0466686 0.044961
0 0.644646 0.492353 0.0439894 0.0437088
0 0.804576 0.2442 0.0747841 0.0745039
0 0.552457 0.439004 0.0436647 0.0424918
0 0.677772 0.194897 0.0587698 0.0583114
0 0.0954373 0.7531 0.048883 0.0466283
0 0.0300592 0.929639 0.0438182 0.0431836
0 0.77041 0.141739 0.0800825 0.0799864
0 0.761891 0.419564 0.0559887 0.0550488
0 0.822799 0.753384 0.0797119 0.0799461
0 0.400651 0.0886326 0.053218 0.0534924
0 0.8835 0.387139 0.0522694 0.0509314
0 0.737424 0.274489 0.0610373 0.0590697
0 0.539489 0.440891 0.0435719 0.0441025
0 0.830723 0.305266 0.0418327 0.04149
0 0.0958159 0.831438 0.0867166 0.087339
0 0.0674688 0.46638 0.0345318 0.0354548
0 0.766849 0.822282 0.0421185 0.0420843
0 0.642036 0.802491 0.0582026 0.0580719
0 0.946882 0.484825 0.060648 0.0621345
0 0.739311 0.0573001 0.0720383 0.0704014
0 0.755493 0.822113 0.0420834 0.0418249
0 0.919105 0.610618 0.0500996 0.0495305
0 0.870371 0.557596 0.0665142 0.0655355
0 0.764803 0.883147 0.0511684 0.0521006
0 0.128714 0.926454 0.0421881 0.0420225
0 0.567672 0.182466 0.0478684 0.0479583
0 0.0455718 0.517167 0.0616177 0.0631365
0 0.224938 0.121218 0.049931 0.0512252
0 0.0552959 0.466259 0.0346878 0.0355031
0 0.817642 0.304046 0.0420085 0.0411271
0 0.909464 0.610901 0.0499565 0.0492729
0 0.11567 0.926641 0.0422175 0.0423784
0 0.400437 0.0151106 0.0766188 0.0301072
0 0.412706 0.0155895 0.0740915 0.031179
0 0.958401 0.483854 0.0634735 0.0623107
0 0.753874 0.882169 0.0494244 0.0505411
0 0.281492 0.987739 0.0663811 0.0245214
0 0.726155 0.0560597 0.0735361 0.072492
0 0.48609 0.167763 0.0918713 0.0933374
0 0.210703 0.121467 0.0484248 0.0502687
0 0.350887 0.992212 0.0803736 0.0155756
0 0.889054 0.901128 0.038398 0.0387746
0 0.865487 0.355577 0.0560452 0.0548082
0 0.241415 0.93912 0.0917681 0.0935917
0 0.0847558 0.919759 0.0403096 0.040536
0 0.268112 0.987906 0.0699057 0.0241874
0 0.55507 0.181274 0.0482124 0.0490253
0 0.516943 0.280692 0.0369181 0.037097
0 0.599674 0.976196 0.106222 0.0476083
0 0.474941 0.988609 0.0778934 0.0227811
0 0.528956 0.282594 0.036865 0.0365962
0 0.877441 0.900913 0.0393568 0.0385498
0 0.853072 0.972617 0.0861416 0.0547668
0 0.362423 0.00920953 0.0529126 0.0183449
0 0.0975039 0.920535 0.0403442 0.0402196
0 0.700829 0.0780957 0.0385229 0.0378848
0 0.459484 0.990402 0.0684998 0.0191968
0 0.545326 0.642656 0.0322136 0.0344439
0 0.772858 0.6248 0.0315577 0.0336779
0 0.108592 0.98238 0.0696237 0.0349167
0 0.791663 0.940549 0.0478743 0.045855
0 0.34761 0.00859046 0.0514972 0.0168899
0 0.271596 0.354351 0.0485983 0.0508617
0 0.758597 0.623837 0.0294918 0.0307411
0 0.286683 0.353189 0.0500637 0.0509218
0 0.482712 0.980951 0.094037 0.0380915
0 0.0947974 0.983354 0.0785234 0.0328064
0 0.845336 0.824944 0.0705013 0.071004
0 0.692813 0.0149237 0.0796219 0.0298272
0 0.275678 0.985239 0.0802533 0.0295214
0 0.961103 0.314604 0.0725842 0.0709513
0 0.685649 0.0782209 0.0383928 0.0393355
