0 0.953604 0.252528 0.0923937 0.099883
0 0.0580136 0.9404 0.115741 0.117514
0 0.963101 0.650135 0.0735495 0.0955554
0 0.309907 0.223134 0.117326 0.114936
0 0.0507474 0.412275 0.0994288 0.104027
0 0.210956 0.291569 0.102309 0.102835
0 0.189742 0.198268 0.108254 0.10801
0 0.762254 0.738343 0.11981 0.118015
0 0.458302 0.8136 0.119529 0.116839
0 0.923924 0.395207 0.110671 0.110928
0 0.0653779 0.591034 0.0810291 0.0808202
0 0.340295 0.38344 0.105573 0.103581
0 0.701113 0.415953 0.121898 0.121732
0 0.558132 0.710692 0.118686 0.118732
0 0.84361 0.232522 0.105635 0.106967
0 0.713906 0.574836 0.0893344 0.088839
0 0.867409 0.677882 0.091795 0.0918569
0 0.849129 0.440502 0.0958843 0.0954894
0 0.552804 0.465495 0.12854 0.130778
0 0.514858 0.597489 0.0801639 0.080146
0 0.0312869 0.67116 0.0620231 0.0790126
0 0.350095 0.888558 0.0862722 0.0864422
0 0.513493 0.377957 0.0719633 0.0720412
0 0.526646 0.887147 0.0615948 0.0617232
0 0.740775 0.901645 0.100802 0.0995366
0 0.958774 0.836574 0.0794785 0.0810171
0 0.170987 0.976767 0.131448 0.0464652
0 0.80809 0.304962 0.0590515 0.0586881
0 0.0999992 0.236207 0.080147 0.079798
0 0.75658 0.184733 0.0792626 0.080277
0 0.785547 0.483294 0.0491968 0.049068
0 0.807901 0.565074 0.10335 0.10454
0 0.770911 0.184805 0.0799557 0.0798018
0 0.364441 0.620771 0.0904791 0.0923032
0 0.51244 0.888122 0.0602428 0.0605309
0 0.197461 0.413458 0.0894968 0.0895652
0 0.593028 0.85215 0.068091 0.0692848
0 0.333426 0.148248 0.0683378 0.066766
0 0.486091 0.513474 0.0491777 0.049558
0 0.406416 0.619481 0.0919543 0.089857
0 0.500721 0.597739 0.0793139 0.0788629
0 0.882009 0.58046 0.054229 0.05467
0 0.654536 0.514618 0.0613936 0.0616671
0 0.656932 0.787286 0.0965211 0.0960142
0 0.640444 0.51503 0.0607361 0.0605939
0 0.0588498 0.793032 0.0644309 0.0650558
0 0.911149 0.0905678 0.0953342 0.0949736
0 0.755776 0.648357 0.0516282 0.0507904
0 0.499588 0.378276 0.0714998 0.0709207
0 0.745845 0.282669 0.0451406 0.0460614
0 0.57822 0.851614 0.068605 0.0685949
0 0.155534 0.981113 0.137996 0.037764
0 0.860249 0.792922 0.0809868 0.0811773
0 0.617381 0.576469 0.0419613 0.0421801
0 0.473415 0.700965 0.0481483 0.0481339
0 0.641159 0.78899 0.0969173 0.0965899
0 0.770411 0.648121 0.0514532 0.0505254
0 0.471607 0.513331 0.048097 0.0486693
0 0.811734 0.129856 0.0833977 0.0821479
0 0.457642 0.927118 0.0779811 0.0796096
0 0.482679 0.0626152 0.0740852 0.0740069
0 0.175488 0.618885 0.073365 0.0715113
0 0.404217 0.180976 0.101636 0.101287
0 0.645906 0.869508 0.0411432 0.0415578
0 0.46004 0.70098 0.048682 0.0481286
0 0.87741 0.522905 0.0408792 0.0399642
0 0.507714 0.267117 0.0813728 0.081543
0 0.472259 0.925103 0.0803988 0.0790789
0 0.771065 0.483338 0.0498955 0.0487874
0 0.700307 0.0472307 0.0809883 0.0812087
0 0.338334 0.732436 0.0801914 0.0807966
0 0.896551 0.580242 0.0546272 0.0552856
0 0.93307 0.520811 0.0758265 0.0762002
0 0.436123 0.387942 0.0747835 0.0744952
0 0.794419 0.305956 0.0590696 0.0584432
0 0.896118 0.294558 0.0700045 0.0693585
0 0.759342 0.282561 0.0450153 0.0458953
0 0.685485 0.0453023 0.0821136 0.0818975
0 0.420876 0.387728 0.0751494 0.0749023
0 0.12085 0.796976 0.0813394 0.0824092
0 0.16143 0.618856 0.0723982 0.0708079
0 0.79701 0.129497 0.0825056 0.0829497
0 0.324217 0.732384 0.0797444 0.0803337
0 0.881809 0.293572 0.070433 0.0702324
0 0.281004 0.811191 0.0780227 0.0789388
0 0.631251 0.869172 0.0418238 0.0410937
0 0.267211 0.811146 0.0784617 0.0791782
0 0.948247 0.520996 0.0765663 0.0763545
0 0.493192 0.267206 0.0793001 0.0813777
0 0.602431 0.152923 0.0561674 0.0552909
0 0.17043 0.0302776 0.0610077 0.0594266
0 0.335321 0.889962 0.0861022 0.0853228
0 0.603796 0.576835 0.0429549 0.0432877
0 0.453063 0.245673 0.0600019 0.0575812
0 0.369964 0.81562 0.0635758 0.0627622
0 0.16061 0.490983 0.0496644 0.0501722
0 0.318992 0.148735 0.0663654 0.066179
0 0.0734926 0.126577 0.0638308 0.063691
0 0.0450558 0.792415 0.066442 0.0655541
0 0.394023 0.754556 0.0479218 0.0488229
0 0.706756 0.140337 0.0484625 0.0484672
0 0.720782 0.14048 0.0481691 0.048017
0 0.223402 0.0224324 0.0725694 0.0448647
0 0.35704 0.815488 0.0651694 0.0635712
0 0.476941 0.433492 0.0574417 0.0574483
0 0.238609 0.023189 0.0741244 0.0462669
0 0.0592369 0.126403 0.0633287 0.063959
0 0.155867 0.0303807 0.0618201 0.0590155
0 0.461438 0.43291 0.0577424 0.0580449
0 0.269255 0.717707 0.0564164 0.0568286
0 0.98307 0.751787 0.0337431 0.049116
0 0.380516 0.75435 0.0478977 0.0490407
0 0.467757 0.0624873 0.0744775 0.0764282
0 0.146289 0.490967 0.0504572 0.0506641
0 0.409643 0.692142 0.0467985 0.0462708
0 0.395913 0.691876 0.0458259 0.0463373
0 0.46232 0.311474 0.047814 0.0478399
0 0.967019 0.178146 0.0641703 0.0688417
0 0.772969 0.828977 0.0499588 0.0504203
0 0.143112 0.702071 0.0615667 0.0627242
0 0.254992 0.717964 0.0571137 0.056901
0 0.759554 0.828899 0.0495731 0.0493851
0 0.571013 0.987938 0.0987648 0.0241249
0 0.588051 0.152793 0.0548861 0.0551428
0 0.14347 0.52898 0.0410565 0.0419909
0 0.86284 0.522542 0.0395908 0.0395023
0 0.0864683 0.237172 0.0811151 0.0791652
0 0.154137 0.702322 0.062646 0.0615941
0 0.131013 0.527532 0.0424765 0.0429667
0 0.448968 0.312226 0.049728 0.0475386
0 0.559774 0.206195 0.0454704 0.0470056
0 0.439504 0.24553 0.0616634 0.0637545
0 0.984612 0.341065 0.0305313 0.07187
0 0.152852 0.985574 0.123061 0.0288223
0 0.545464 0.206281 0.0460082 0.0450704
0 0.512749 0.212378 0.0870785 0.0855513
0 0.122039 0.0630627 0.0866059 0.0872438
0 0.329865 0.0236889 0.111105 0.047256
0 0.969827 0.975631 0.0592941 0.0487372
0 0.444576 0.0399128 0.0512955 0.0546309
0 0.423827 0.32887 0.0575242 0.0581452
0 0.0870131 0.027314 0.0872289 0.0544704
0 0.432851 0.327237 0.0573593 0.058424
0 0.0244906 0.979476 0.0484249 0.0410241
0 0.341046 0.0179646 0.107399 0.0357177
0 0.564194 0.982344 0.0989753 0.0353125
0 0.0791884 0.592581 0.0812448 0.081978
0 0.990529 0.33997 0.018943 0.0699144
0 0.793587 0.00949732 0.0407759 0.0187364
0 0.975458 0.751889 0.0479315 0.0537142
0 0.176695 0.982677 0.125679 0.0343048
0 0.777625 0.00911173 0.0422998 0.0180491
0 0.225379 0.296642 0.0989841 0.0993914
0 0.981337 0.970462 0.036898 0.0572858
