0 0.949687 0.596623 0.0956425 0.0971082
0 0.0456937 0.548088 0.0908783 0.102322
0 0.201342 0.753122 0.101024 0.10186
0 0.0947922 0.447441 0.100868 0.101998
0 0.830146 0.554795 0.110945 0.111801
0 0.0804745 0.22243 0.093606 0.0934062
0 0.122801 0.543351 0.0964418 0.0977088
0 0.958119 0.255274 0.0830412 0.0927203
0 0.863872 0.121864 0.0984018 0.0996284
0 0.298622 0.674931 0.093947 0.0955215
0 0.409473 0.298724 0.0876103 0.0871309
0 0.420293 0.572056 0.100734 0.102594
0 0.310238 0.372433 0.0888717 0.0887005
0 0.849499 0.690401 0.0883158 0.0894254
0 0.320581 0.910716 0.105491 0.104093
0 0.933641 0.866443 0.0823072 0.0840689
0 0.520784 0.643845 0.0949056 0.0955427
0 0.195716 0.899065 0.10313 0.102746
0 0.790263 0.913052 0.0919843 0.0929211
0 0.551828 0.76128 0.111262 0.111155
0 0.672956 0.791943 0.0670107 0.0663033
0 0.254223 0.986858 0.0984714 0.0262849
0 0.835414 0.302873 0.0802866 0.0786345
0 0.126194 0.922331 0.0860902 0.0859005
0 0.690058 0.896064 0.09491 0.0963897
0 0.71003 0.551136 0.10266 0.103016
0 0.623792 0.705496 0.0898956 0.0902298
0 0.40576 0.388691 0.0579782 0.0583644
0 0.506777 0.55151 0.0512466 0.0506537
0 0.312629 0.779202 0.0894351 0.0892745
0 0.551703 0.907311 0.108043 0.10898
0 0.423256 0.115216 0.0885935 0.0907859
0 0.595497 0.598228 0.0702968 0.0691263
0 0.523487 0.375576 0.0819802 0.083537
0 0.961217 0.737643 0.0775358 0.108523
0 0.433254 0.736953 0.105493 0.105747
0 0.631216 0.871001 0.0675425 0.0675865
0 0.50218 0.172126 0.0814718 0.081118
0 0.532369 0.458751 0.09299 0.0918996
0 0.753681 0.7364 0.0901491 0.0911915
0 0.655616 0.15484 0.0667639 0.0656903
0 0.722303 0.0888895 0.0909418 0.0919048
0 0.49358 0.550855 0.0517793 0.0509272
0 0.368193 0.714102 0.0468747 0.0461714
0 0.391954 0.388605 0.0578906 0.0591915
0 0.768107 0.474637 0.0920807 0.0913933
0 0.855411 0.415527 0.0952385 0.0949354
0 0.832685 0.726429 0.0733572 0.0735179
0 0.581613 0.598284 0.0691508 0.0679769
0 0.610609 0.299028 0.0856463 0.0872929
0 0.580523 0.400515 0.0490436 0.0492525
0 0.357077 0.364503 0.0580773 0.0570965
0 0.329737 0.236602 0.0864471 0.0880791
0 0.361313 0.435769 0.0480006 0.0490283
0 0.932955 0.767533 0.0631079 0.0657953
0 0.595619 0.298378 0.0856917 0.0878268
0 0.728505 0.337618 0.0850967 0.0851996
0 0.441988 0.941949 0.0766739 0.0767146
0 0.641515 0.153947 0.0671285 0.0672752
0 0.39037 0.645152 0.0523572 0.0525335
0 0.601608 0.953194 0.0507607 0.0504827
0 0.122913 0.760794 0.0712062 0.0713088
0 0.157562 0.108515 0.0913272 0.0921553
0 0.376882 0.645068 0.0527961 0.0523672
0 0.353693 0.714137 0.0463438 0.0464134
0 0.450182 0.34106 0.061532 0.0621302
0 0.19825 0.396325 0.0778641 0.0788622
0 0.345825 0.435983 0.0477709 0.0487821
0 0.600204 0.463905 0.06549 0.0665857
0 0.614094 0.463448 0.0669752 0.068084
0 0.609106 0.796936 0.0506912 0.0511815
0 0.655725 0.424595 0.0783496 0.0783354
0 0.314799 0.235856 0.0862401 0.0874461
0 0.296044 0.524077 0.0549097 0.0537874
0 0.61614 0.952696 0.0513655 0.0506152
0 0.617173 0.870396 0.0682283 0.0677835
0 0.306135 0.454396 0.0614242 0.0622589
0 0.659188 0.791413 0.0651672 0.0669985
0 0.573615 0.526098 0.0441875 0.0441945
0 0.702336 0.218543 0.0700092 0.0702902
0 0.428832 0.942083 0.0775331 0.0779196
0 0.136908 0.759916 0.0724994 0.0726947
0 0.559756 0.525852 0.0431699 0.0445274
0 0.509686 0.374854 0.0817268 0.0814251
0 0.630417 0.251531 0.0843033 0.0876016
0 0.635113 0.554085 0.0458195 0.0476228
0 0.208425 0.20522 0.0521661 0.0518002
0 0.520763 0.272135 0.048226 0.0473378
0 0.648671 0.553882 0.0468789 0.0475171
0 0.70138 0.283202 0.0660566 0.0663132
0 0.223347 0.204702 0.0514001 0.0519833
0 0.566507 0.400388 0.0494316 0.0491895
0 0.184829 0.39559 0.0787441 0.0790916
0 0.845259 0.726472 0.0750912 0.0749262
0 0.760289 0.617122 0.0420113 0.0418615
0 0.319929 0.454776 0.0620555 0.0632383
0 0.297335 0.778205 0.0895389 0.0910281
0 0.369377 0.365531 0.0570836 0.0570619
0 0.623908 0.796081 0.049629 0.0521632
0 0.755693 0.830092 0.0518516 0.0516057
0 0.636192 0.0395547 0.0795334 0.0764886
0 0.769602 0.829817 0.051822 0.0521896
0 0.0134062 0.67986 0.0268124 0.104339
0 0.506972 0.27188 0.0482284 0.0476508
0 0.502347 0.109917 0.0665524 0.068606
0 0.820648 0.639998 0.060099 0.0596263
0 0.460853 0.461948 0.0555822 0.0561317
0 0.721345 0.434621 0.0551437 0.0564891
0 0.275955 0.179587 0.0632812 0.0621206
0 0.746637 0.616865 0.0413231 0.0413428
0 0.882231 0.888919 0.0503405 0.0500173
0 0.0524973 0.834589 0.049373 0.0479352
0 0.170121 0.683537 0.0519959 0.052688
0 0.807409 0.639578 0.0605474 0.0599331
0 0.84929 0.814644 0.0603127 0.058817
0 0.677074 0.301956 0.0514421 0.0522352
0 0.435325 0.339586 0.0616329 0.0622008
0 0.688531 0.218919 0.0704126 0.0708777
0 0.568259 0.285942 0.0515366 0.0513808
0 0.488472 0.170607 0.0801437 0.0807591
0 0.616958 0.24948 0.0848735 0.0855372
0 0.868342 0.889181 0.0517746 0.0499593
0 0.155103 0.683578 0.0529071 0.0532283
0 0.447421 0.462193 0.0554938 0.0558127
0 0.262017 0.179529 0.0622927 0.0635302
0 0.707524 0.434485 0.0545893 0.0560817
0 0.269015 0.596963 0.0428012 0.0423061
0 0.895339 0.217407 0.0604164 0.0616731
0 0.864963 0.815256 0.0602106 0.059042
0 0.881906 0.472679 0.0689774 0.0679173
0 0.408406 0.116406 0.0882948 0.0887558
0 0.283392 0.524516 0.0555405 0.0557332
0 0.743203 0.337667 0.0852682 0.0864911
0 0.0599091 0.777421 0.0503465 0.0500832
0 0.688671 0.284401 0.0694403 0.0679822
0 0.642273 0.42541 0.0793932 0.0792584
0 0.908593 0.216922 0.0605057 0.0620432
0 0.488917 0.110029 0.0666183 0.0670858
0 0.663277 0.301704 0.0514643 0.0523216
0 0.358113 0.556168 0.0517243 0.0517985
0 0.15836 0.991227 0.0950523 0.0175458
0 0.371811 0.55654 0.0514565 0.0517092
0 0.28259 0.597188 0.0422099 0.0426402
0 0.477237 0.27343 0.0498502 0.049473
0 0.463272 0.273221 0.0475636 0.048727
0 0.293961 0.110599 0.071152 0.072164
0 0.116872 0.833774 0.040164 0.0404346
0 0.554686 0.286082 0.0524938 0.0515735
0 0.371645 0.139078 0.0630951 0.0616366
0 0.777916 0.182218 0.0625284 0.0627266
0 0.21903 0.603132 0.0387865 0.0390826
0 0.386685 0.139166 0.0647574 0.063943
0 0.656968 0.484415 0.0445801 0.0454557
0 0.278011 0.109651 0.0722167 0.072212
0 0.605879 0.100836 0.0568942 0.056844
0 0.1846 0.831165 0.0417381 0.0419434
0 0.649073 0.0407608 0.0772129 0.0744472
0 0.0726026 0.777814 0.0506879 0.0499204
0 0.909356 0.0565155 0.0943415 0.0935502
0 0.381072 0.990462 0.0864417 0.019077
0 0.0942583 0.102026 0.0639023 0.0626933
0 0.821884 0.0349712 0.0876468 0.0698163
0 0.0431925 0.834102 0.0506376 0.0488411
0 0.022408 0.967871 0.0444451 0.057254
0 0.231853 0.602526 0.0403182 0.0387585
0 0.643543 0.485536 0.0434714 0.0428112
0 0.0675583 0.896326 0.0525548 0.0502976
0 0.0571196 0.896305 0.0542482 0.0514019
0 0.171842 0.830991 0.0430928 0.0418493
0 0.592143 0.100465 0.0573721 0.0575119
0 0.257212 0.48365 0.0631543 0.0638498
0 0.080472 0.101378 0.0636925 0.0627917
0 0.769445 0.288571 0.0773214 0.0786739
0 0.747219 0.147524 0.0389174 0.0391636
0 0.763803 0.182016 0.0622715 0.0636241
0 0.811597 0.3069 0.0434549 0.0478737
0 0.242935 0.48259 0.0626891 0.0645662
0 0.0150926 0.967418 0.0301853 0.0554914
0 0.892718 0.0564357 0.0964014 0.0954157
0 0.104221 0.833732 0.0409235 0.040272
0 0.549315 0.0824946 0.0476825 0.0477132
0 0.203227 0.308806 0.0539953 0.0540249
0 0.733695 0.147679 0.0398573 0.0393003
0 0.242835 0.983203 0.096848 0.0335949
0 0.536287 0.0828225 0.0480277 0.0483897
0 0.052825 0.329925 0.0925162 0.0963268
0 0.466849 0.0815475 0.0437029 0.0426443
0 0.0204112 0.681213 0.040722 0.106612
0 0.235757 0.557586 0.0437408 0.0435946
0 0.222515 0.556644 0.0428701 0.0415298
0 0.188768 0.310405 0.0540892 0.053824
0 0.258996 0.982303 0.107201 0.0353935
0 0.0654407 0.334742 0.0956701 0.0944789
0 0.23184 0.0833429 0.0484165 0.0501819
0 0.231533 0.989002 0.0979397 0.0219535
0 0.798141 0.306029 0.0405447 0.0413854
0 0.453713 0.08173 0.0437984 0.0425918
0 0.219767 0.0845112 0.0473491 0.0495592
0 0.0334996 0.974233 0.0669992 0.050739
0 0.811844 0.0400166 0.0904366 0.0800331
0 0.481943 0.0132822 0.0758544 0.0265643
0 0.153761 0.31048 0.0875229 0.0862919
0 0.482488 0.0195166 0.0836308 0.0390332
0 0.827302 0.0246519 0.0878971 0.0493038
