0 0.582813 0.951378 0.120124 0.0972437
0 0.718608 0.334268 0.124974 0.124495
0 0.645966 0.432276 0.123807 0.121065
0 0.906734 0.681472 0.10899 0.108715
0 0.582805 0.117819 0.118208 0.1201
0 0.718622 0.524231 0.0897507 0.0894479
0 0.580475 0.324607 0.0959562 0.0984248
0 0.407925 0.674805 0.127836 0.125422
0 0.0908076 0.706415 0.100032 0.101929
0 0.193544 0.872927 0.0900278 0.0906715
0 0.649332 0.627595 0.0812554 0.0778155
0 0.254015 0.738522 0.104796 0.104243
0 0.857093 0.408413 0.0888393 0.0884308
0 0.970164 0.610925 0.0592072 0.0676785
0 0.369692 0.313908 0.11711 0.116561
0 0.30255 0.207734 0.105214 0.103695
0 0.488509 0.287503 0.107127 0.105431
0 0.465011 0.575764 0.0789169 0.0777313
0 0.663803 0.628106 0.0828142 0.080569
0 0.158651 0.387761 0.101462 0.101899
0 0.508279 0.870067 0.112401 0.111275
0 0.532594 0.733316 0.0938959 0.0932067
0 0.890852 0.514351 0.0969852 0.0950807
0 0.0932626 0.47938 0.0873852 0.0865681
0 0.15931 0.65382 0.0837047 0.0830504
0 0.457076 0.453945 0.0861242 0.0835037
0 0.261572 0.60605 0.0903905 0.0925324
0 0.418072 0.17715 0.0982444 0.0980076
0 0.221236 0.0944932 0.0999876 0.100249
0 0.723244 0.967911 0.0956042 0.0638875
0 0.318264 0.661931 0.0590944 0.0594437
0 0.216242 0.236421 0.0953674 0.0954908
0 0.664182 0.847601 0.09405 0.0933881
0 0.354429 0.780933 0.0875704 0.0866651
0 0.478383 0.575904 0.0808202 0.079955
0 0.429316 0.804273 0.073243 0.0737185
0 0.274134 0.865487 0.0834082 0.0822271
0 0.634376 0.0684294 0.0874664 0.0881914
0 0.291648 0.954489 0.084848 0.0831205
0 0.489543 0.398794 0.0690074 0.0682926
0 0.0557048 0.190377 0.0877677 0.0880525
0 0.19998 0.235986 0.0942719 0.0936927
0 0.502011 0.647002 0.0491133 0.0480133
0 0.79437 0.775411 0.0842436 0.084119
0 0.376616 0.0493503 0.0860731 0.0865859
0 0.428793 0.960995 0.0878092 0.0774073
0 0.876211 0.163541 0.0800417 0.0780653
0 0.272412 0.50457 0.0547104 0.0548915
0 0.442654 0.453014 0.0855001 0.0823875
0 0.258114 0.5049 0.0551694 0.0553568
0 0.821184 0.0878869 0.0865488 0.0882437
0 0.51593 0.646828 0.0491039 0.0486071
0 0.339878 0.779523 0.0868837 0.0875748
0 0.304532 0.662551 0.0588416 0.0584375
0 0.474848 0.399245 0.0676502 0.0682256
0 0.381318 0.893253 0.063544 0.0652711
0 0.489875 0.150811 0.0613214 0.0607024
0 0.657495 0.212205 0.089656 0.0903777
0 0.659691 0.541618 0.0448639 0.0446468
0 0.806231 0.292524 0.0704096 0.0705391
0 0.396137 0.891325 0.0649184 0.0641396
0 0.414783 0.804026 0.0709501 0.0702123
0 0.645781 0.541887 0.0447542 0.0446775
0 0.634159 0.29137 0.0720264 0.0719343
0 0.475033 0.151307 0.0605873 0.0606528
0 0.934563 0.226494 0.0620573 0.0619039
0 0.747868 0.893628 0.0504965 0.0489787
0 0.477149 0.757781 0.0461166 0.0470791
0 0.837084 0.346656 0.0438931 0.0433502
0 0.945375 0.799923 0.0533859 0.0536097
0 0.25989 0.865655 0.0834764 0.0836913
0 0.448664 0.314902 0.0564116 0.0520325
0 0.758622 0.617903 0.062947 0.0623229
0 0.74366 0.618468 0.0625242 0.0618407
0 0.361755 0.0479989 0.0862174 0.0863487
0 0.463115 0.757098 0.0473282 0.0476369
0 0.433707 0.313508 0.0524998 0.0531483
0 0.760399 0.893993 0.0488867 0.0495397
0 0.940959 0.7169 0.0905121 0.0894587
0 0.824599 0.346895 0.042292 0.0426448
0 0.0944214 0.597692 0.0676461 0.0667236
0 0.759578 0.815251 0.0642339 0.0638496
0 0.793475 0.29274 0.0711429 0.0705709
0 0.773864 0.816539 0.0646045 0.0629807
0 0.571208 0.241878 0.0524017 0.0522453
0 0.585653 0.241801 0.0524416 0.0523856
0 0.93506 0.311382 0.0595539 0.0616486
0 0.621864 0.290609 0.0734568 0.073082
0 0.447552 0.0417206 0.059964 0.0615982
0 0.0821514 0.596975 0.0671099 0.0679629
0 0.947792 0.31122 0.0580593 0.0611673
0 0.26493 0.0258375 0.0707338 0.0514484
0 0.431811 0.0432245 0.0594828 0.0613681
0 0.954188 0.799956 0.054702 0.055419
0 0.649658 0.0685027 0.0896246 0.0898455
0 0.252344 0.0256428 0.0723251 0.0512856
0 0.780088 0.887395 0.0690224 0.0635624
0 0.367422 0.986925 0.0793321 0.0261492
0 0.442585 0.958355 0.0887256 0.0788275
0 0.86974 0.771959 0.0422428 0.0406535
0 0.881452 0.771711 0.0403132 0.0406601
0 0.923899 0.226374 0.0622114 0.0628171
0 0.0913153 0.166969 0.0558732 0.0533535
0 0.0558874 0.573034 0.0891459 0.0936714
0 0.363027 0.982968 0.0929243 0.0340641
0 0.0811372 0.167391 0.054253 0.0535081
0 0.693033 0.018117 0.0898022 0.0362339
0 0.574517 0.968791 0.126289 0.0624181
0 0.936242 0.799086 0.0548441 0.0532834
0 0.73824 0.975809 0.0991019 0.0483831
0 0.652051 0.988521 0.0891186 0.022958
0 0.0186469 0.680957 0.0370423 0.100247
0 0.692065 0.0130278 0.0891729 0.0258141
0 0.432805 0.0308929 0.0628829 0.0609019
0 0.917606 0.185067 0.0830767 0.0843039
0 0.0418291 0.146129 0.0799088 0.084704
0 0.633047 0.987968 0.0963942 0.0240644
0 0.678812 0.0145122 0.0936619 0.0290244
