0 0.0576429 0.74926 0.115286 0.151986
0 0.833267 0.917579 0.129041 0.129463
0 0.339403 0.944691 0.117633 0.110617
0 0.958476 0.946861 0.0830485 0.10579
0 0.600888 0.654872 0.0994205 0.0984683
0 0.33476 0.813888 0.127334 0.129005
0 0.268924 0.738066 0.10929 0.108291
0 0.829049 0.572635 0.108065 0.105778
0 0.103042 0.50547 0.113986 0.113502
0 0.956253 0.300221 0.0872261 0.0937419
0 0.596913 0.890173 0.11839 0.116932
0 0.0878743 0.668624 0.0965035 0.0952591
0 0.600264 0.317958 0.0982796 0.0999819
0 0.448247 0.888291 0.0905037 0.08736
0 0.240107 0.950147 0.0834632 0.0832481
0 0.751249 0.665494 0.0976623 0.0993111
0 0.920686 0.757973 0.0674908 0.0667875
0 0.708562 0.460158 0.0715588 0.0714314
0 0.523066 0.834165 0.0775927 0.0791977
0 0.721636 0.459878 0.0726251 0.0727946
0 0.317917 0.331519 0.0975096 0.0983879
0 0.509434 0.833789 0.0776814 0.0792557
0 0.462058 0.606267 0.10125 0.103784
0 0.80833 0.274342 0.0907175 0.0949183
0 0.925549 0.612617 0.0805498 0.0815058
0 0.93522 0.758366 0.067141 0.0672321
0 0.0223857 0.444006 0.0447618 0.0984774
0 0.332224 0.612681 0.0491273 0.0502851
0 0.256705 0.515593 0.0894894 0.088751
0 0.735409 0.665554 0.0966781 0.0958791
0 0.172504 0.972802 0.148511 0.0543959
0 0.911261 0.612797 0.0796509 0.0813278
0 0.835851 0.371191 0.0904137 0.091171
0 0.0942554 0.3135 0.0579397 0.0557223
0 0.421882 0.500938 0.0550974 0.0539391
0 0.241062 0.515437 0.0881529 0.0889015
0 0.318254 0.613261 0.0497665 0.0489057
0 0.425914 0.739096 0.0608582 0.0610046
0 0.410684 0.738663 0.0589884 0.0595767
0 0.405677 0.50076 0.0549415 0.0545383
0 0.110502 0.0803392 0.072278 0.0716978
0 0.283354 0.796607 0.0459799 0.0443907
0 0.555201 0.649941 0.0591301 0.0583235
0 0.466226 0.178561 0.0888828 0.0867052
0 0.611959 0.514541 0.0675591 0.0688901
0 0.269677 0.796825 0.0476351 0.0445997
0 0.456396 0.545603 0.0852938 0.0873864
0 0.14009 0.307156 0.0512665 0.0507768
0 0.541445 0.160752 0.0857519 0.0869099
0 0.540657 0.650029 0.0588875 0.0579582
0 0.419917 0.973573 0.147767 0.0528549
0 0.0799932 0.312828 0.0558729 0.0564161
0 0.932301 0.434115 0.057082 0.0573896
0 0.0962168 0.0803805 0.0723956 0.0720335
0 0.328137 0.51429 0.0632739 0.0622339
0 0.502213 0.381272 0.0954292 0.0960008
0 0.477824 0.611401 0.098856 0.0984919
0 0.178672 0.980642 0.134245 0.0387157
0 0.526883 0.1588 0.0891247 0.0892762
0 0.312884 0.514986 0.0620082 0.0618848
0 0.918657 0.432226 0.057037 0.0562698
0 0.598293 0.515268 0.0667088 0.0673444
0 0.125228 0.306187 0.051041 0.0494494
0 0.512107 0.243403 0.0923238 0.0940897
0 0.972488 0.484077 0.0547169 0.092911
0 0.677421 0.272407 0.051153 0.0509476
0 0.725415 0.239747 0.0412548 0.04045
0 0.0171832 0.286817 0.0343639 0.0674301
0 0.711127 0.239139 0.0392265 0.0404755
0 0.488688 0.375766 0.0935478 0.094053
0 0.0312458 0.970977 0.0621675 0.057782
0 0.436627 0.227533 0.0590157 0.0586915
0 0.0187027 0.959983 0.0374054 0.0774539
0 0.0222848 0.968037 0.0445695 0.0625408
0 0.0388687 0.964003 0.0777374 0.0717451
0 0.662901 0.273086 0.0497729 0.0503058
0 0.41319 0.980535 0.1487 0.0389297
0 0.861386 0.299293 0.086882 0.0861942
0 0.0121258 0.288606 0.0242516 0.0697369
0 0.546024 0.557935 0.0693674 0.069467
0 0.0268048 0.961609 0.0536095 0.0750865
0 0.946001 0.970519 0.104363 0.058962
0 0.0747959 0.660927 0.0939132 0.09966
0 0.0473545 0.973192 0.0919001 0.0534515
0 0.0384044 0.977574 0.0749661 0.0448283
0 0.498564 0.239907 0.0887808 0.0884297
0 0.303406 0.334847 0.0955582 0.0995644
