0 0.771947 0.718661 0.131641 0.133031
0 0.920702 0.796685 0.13189 0.127049
0 0.86366 0.628455 0.123526 0.120687
0 0.070252 0.358697 0.12474 0.122247
0 0.130438 0.905719 0.11335 0.113588
0 0.965715 0.25064 0.0685452 0.0931039
0 0.876498 0.351971 0.104222 0.106954
0 0.808061 0.18082 0.120481 0.120512
0 0.226032 0.644163 0.130061 0.128153
0 0.173095 0.262266 0.123537 0.118849
0 0.752311 0.879603 0.11346 0.113247
0 0.623263 0.298782 0.0974163 0.0990745
0 0.955295 0.704876 0.0894104 0.118939
0 0.0284267 0.865655 0.0568534 0.118104
0 0.60754 0.357336 0.123175 0.125104
0 0.665958 0.955804 0.10198 0.0883928
0 0.416657 0.967243 0.104015 0.0655133
0 0.0520331 0.652178 0.0918381 0.0916687
0 0.663831 0.611472 0.10083 0.0985124
0 0.24366 0.967187 0.106273 0.0650553
0 0.483819 0.845774 0.12582 0.125248
0 0.615023 0.758653 0.0993456 0.0993823
0 0.40847 0.655343 0.0774477 0.075303
0 0.454962 0.541283 0.107924 0.107539
0 0.356439 0.340033 0.096737 0.0957214
0 0.58024 0.868989 0.0767248 0.077152
0 0.952818 0.504721 0.0942858 0.128961
0 0.417915 0.749872 0.0757061 0.0773636
0 0.28007 0.430587 0.106328 0.106147
0 0.489186 0.683726 0.12185 0.120028
0 0.561898 0.556515 0.111567 0.111774
0 0.504469 0.466566 0.0708567 0.0701628
0 0.654544 0.0653989 0.113631 0.112766
0 0.39443 0.654999 0.0755543 0.0753972
0 0.347642 0.726163 0.083538 0.0833606
0 0.36897 0.854436 0.115383 0.115762
0 0.422974 0.387455 0.113898 0.113242
0 0.719193 0.326894 0.0928249 0.0903191
0 0.344092 0.540068 0.0795256 0.0798684
0 0.404364 0.750033 0.0746062 0.0773129
0 0.7737 0.445655 0.0953601 0.0971668
0 0.578688 0.657996 0.057966 0.0581001
0 0.593205 0.65817 0.0568319 0.0573308
0 0.300738 0.12234 0.102947 0.105241
0 0.249032 0.787441 0.0862415 0.0863314
0 0.179745 0.509098 0.0982527 0.0980405
0 0.133779 0.619101 0.0914852 0.0909429
0 0.315138 0.979285 0.10458 0.0414294
0 0.654625 0.490985 0.0926409 0.0927074
0 0.33335 0.725917 0.0838289 0.0854637
0 0.407934 0.22557 0.0860332 0.0867432
0 0.565031 0.868054 0.0763533 0.0770907
0 0.0626033 0.54496 0.0737864 0.0741084
0 0.722684 0.194636 0.0658604 0.065738
0 0.346543 0.642315 0.0492088 0.0492636
0 0.33178 0.642513 0.0499861 0.0505726
0 0.983116 0.38044 0.0337681 0.0656199
0 0.358407 0.540793 0.0816761 0.0805804
0 0.497524 0.302726 0.0814994 0.0823728
0 0.0140491 0.747021 0.0277508 0.0663236
0 0.282724 0.328223 0.0409277 0.0415456
0 0.663782 0.728807 0.0691029 0.0711525
0 0.0766375 0.545138 0.0736682 0.0739993
0 0.393418 0.225143 0.0855885 0.0850667
0 0.905867 0.192891 0.0854538 0.084284
0 0.672014 0.830474 0.0792151 0.0806889
0 0.489737 0.466916 0.0684565 0.0692605
0 0.829238 0.924538 0.100029 0.0973331
0 0.210935 0.781853 0.0868289 0.0893283
0 0.353767 0.404485 0.0514252 0.0513434
0 0.511846 0.302278 0.0824879 0.0829826
0 0.524334 0.946954 0.0701184 0.0695714
0 0.264005 0.7874 0.0873408 0.0877706
0 0.676383 0.728533 0.0712282 0.0713776
0 0.180608 0.0933957 0.090075 0.0889216
0 0.853473 0.492392 0.0752056 0.0753221
0 0.24637 0.87508 0.0749921 0.0760991
0 0.268309 0.328368 0.0413518 0.0419884
0 0.866573 0.492035 0.0753868 0.073948
0 0.426405 0.296714 0.0874222 0.0874194
0 0.540013 0.947577 0.0691538 0.0700066
0 0.00923936 0.747593 0.0184787 0.0665146
0 0.988388 0.380057 0.0232249 0.065063
0 0.561317 0.229786 0.0825361 0.08053
0 0.440646 0.295393 0.0887618 0.0925906
0 0.90097 0.934412 0.058252 0.0576762
0 0.70806 0.194979 0.0650896 0.0647972
0 0.259262 0.875843 0.0773606 0.0758091
0 0.165237 0.0931468 0.0890206 0.0909506
0 0.155274 0.350947 0.051791 0.0518066
0 0.371111 0.0586527 0.0800706 0.0822415
0 0.338903 0.404497 0.0529107 0.0513499
0 0.223021 0.534281 0.0558844 0.0550151
0 0.914054 0.933523 0.0576181 0.0567766
0 0.838063 0.433709 0.0510901 0.0526608
0 0.852261 0.433386 0.051469 0.0510731
0 0.0893732 0.206123 0.0869386 0.0868959
0 0.032595 0.978571 0.064903 0.0428571
0 0.208445 0.533978 0.0562979 0.0557817
0 0.356337 0.0586818 0.0791381 0.0824389
0 0.141041 0.350717 0.0518164 0.0505323
0 0.971774 0.337455 0.049699 0.0497171
0 0.547351 0.230419 0.0785618 0.0796666
0 0.0877543 0.856806 0.0589441 0.0584374
0 0.873408 0.558498 0.0701706 0.0692749
0 0.328634 0.983239 0.102977 0.0335213
0 0.571935 0.173058 0.0951267 0.0976941
0 0.964262 0.948259 0.0712936 0.100679
0 0.0744142 0.0391263 0.109086 0.0782526
0 0.257271 0.226836 0.047609 0.047094
0 0.713128 0.975394 0.0758013 0.0492118
0 0.302044 0.986182 0.105314 0.0276353
0 0.0734294 0.856229 0.0576103 0.0576809
0 0.957207 0.336518 0.0479239 0.0487145
0 0.740649 0.0641406 0.0837537 0.0859461
0 0.84048 0.319739 0.0575567 0.0568495
0 0.824367 0.320825 0.0584097 0.0578031
0 0.0215419 0.972959 0.0430837 0.0538743
0 0.503008 0.987144 0.0915178 0.0255404
0 0.241801 0.22609 0.0486851 0.048649
0 0.435477 0.0687523 0.048543 0.0488013
0 0.060423 0.0353903 0.105641 0.0707806
0 0.49526 0.186618 0.0862829 0.0840278
0 0.75326 0.0674661 0.0828935 0.0823623
0 0.420161 0.0670721 0.0488617 0.0501683
0 0.261625 0.985036 0.118178 0.0299279
0 0.479936 0.187409 0.0846898 0.0849378
0 0.790015 0.115387 0.082546 0.0814597
0 0.0162004 0.103583 0.0324008 0.0530575
0 0.723524 0.977759 0.0773805 0.044206
0 0.0529825 0.979812 0.105267 0.0400192
0 0.34519 0.018164 0.0994143 0.0363279
0 0.493686 0.989831 0.086694 0.0203384
0 0.0788637 0.198576 0.0844163 0.0839099
0 0.0349222 0.969945 0.0698445 0.0593521
0 0.353161 0.980664 0.118703 0.0386723
0 0.514629 0.979432 0.127751 0.041136
0 0.48383 0.988034 0.0921287 0.0239326
0 0.389555 0.979823 0.124561 0.040354
0 0.345511 0.0124289 0.0961081 0.0248444
0 0.119332 0.984781 0.105687 0.0304184
0 0.343943 0.986525 0.112324 0.0269497
0 0.198549 0.778206 0.080288 0.0854993
0 0.33339 0.0111316 0.0839273 0.0222341
0 0.128039 0.979291 0.118266 0.0414188
0 0.607486 0.986862 0.0996338 0.0262767
0 0.485844 0.981876 0.104023 0.0362485
0 0.610924 0.979976 0.114048 0.0400478
0 0.00951757 0.10024 0.0190001 0.0573227
0 0.103881 0.978736 0.112268 0.0425282
0 0.287588 0.980122 0.123159 0.0397554
