0 0.129872 0.915755 0.193319 0.168491
0 0.499225 0.549249 0.154204 0.155302
0 0.222395 0.824314 0.139587 0.137844
0 0.803003 0.874016 0.156781 0.154232
0 0.6339 0.466554 0.127145 0.128616
0 0.945528 0.944757 0.108943 0.110485
0 0.951289 0.715349 0.0974211 0.189211
0 0.86114 0.608513 0.130256 0.133181
0 0.0600624 0.568895 0.120125 0.121257
0 0.663443 0.632261 0.107775 0.105044
0 0.351462 0.731175 0.139732 0.138738
0 0.448474 0.829478 0.149871 0.148872
0 0.77255 0.463408 0.129212 0.129119
0 0.579649 0.870099 0.127519 0.125452
0 0.519991 0.665183 0.116825 0.117019
0 0.173992 0.403998 0.114988 0.113625
0 0.504894 0.221306 0.122065 0.124158
0 0.243068 0.664932 0.125778 0.124935
0 0.506826 0.98136 0.0953882 0.0372793
0 0.066379 0.354893 0.100357 0.0981977
0 0.1259 0.412797 0.0996795 0.102276
0 0.792296 0.61291 0.117486 0.119219
0 0.747063 0.968865 0.0732342 0.0616014
0 0.235242 0.565584 0.0836397 0.0828318
0 0.614254 0.778671 0.0931011 0.0930581
0 0.720782 0.739223 0.0903425 0.0879241
0 0.413909 0.985447 0.0825926 0.0291061
0 0.154546 0.743718 0.0834252 0.0818284
0 0.0343206 0.965041 0.0686411 0.0692897
0 0.449688 0.306922 0.109893 0.110934
0 0.706326 0.0769592 0.0779069 0.0790686
0 0.291761 0.254649 0.105297 0.105635
0 0.692832 0.0768895 0.0801645 0.08134
0 0.221268 0.564308 0.0811615 0.0815891
0 0.140818 0.742181 0.0816693 0.0808678
0 0.891509 0.429802 0.117912 0.117653
0 0.0445729 0.959045 0.0891458 0.0818184
0 0.874736 0.164244 0.09333 0.0938779
0 0.648263 0.971073 0.126246 0.0578323
0 0.951882 0.963582 0.0959818 0.0725727
0 0.0494727 0.968832 0.097925 0.0621297
0 0.117454 0.108447 0.0931813 0.0947158
0 0.447086 0.660657 0.0722597 0.0727571
0 0.339553 0.0969787 0.0901159 0.0876222
0 0.776076 0.136157 0.0975328 0.0977928
0 0.297285 0.498057 0.107899 0.100952
0 0.936424 0.956487 0.127152 0.0870269
0 0.507154 0.444487 0.100896 0.100055
0 0.425919 0.40269 0.0782108 0.0800392
0 0.0533387 0.947836 0.106677 0.104329
0 0.41209 0.401113 0.0798929 0.0796811
0 0.402695 0.98335 0.0804346 0.0332996
0 0.665234 0.247243 0.0413271 0.0427759
0 0.858552 0.167267 0.0909193 0.0916652
0 0.0662814 0.956589 0.132563 0.0862437
0 0.326757 0.155695 0.0852335 0.0851408
0 0.659479 0.975762 0.113411 0.0480581
0 0.928061 0.584354 0.114552 0.11976
0 0.583866 0.34704 0.0567099 0.0585262
0 0.731901 0.367924 0.087742 0.0854482
0 0.760556 0.140271 0.0967432 0.0970483
0 0.0216734 0.954517 0.0433468 0.0909666
0 0.053189 0.979299 0.106304 0.0414012
0 0.945541 0.973004 0.10356 0.0537079
0 0.308322 0.50636 0.0910707 0.090959
0 0.8227 0.344256 0.107018 0.110812
0 0.412903 0.100103 0.0842987 0.0880926
0 0.293817 0.507564 0.0900788 0.0851822
0 0.31292 0.154497 0.0815187 0.0799246
0 0.201467 0.120023 0.106186 0.108617
0 0.958556 0.686205 0.0828878 0.155036
0 0.667213 0.984126 0.10873 0.0317477
0 0.434257 0.661479 0.0711935 0.0712761
0 0.569507 0.34747 0.0582955 0.0586981
0 0.649824 0.247123 0.0432765 0.0423111
0 0.222811 0.259072 0.0486811 0.0483808
0 0.406993 0.209773 0.0860724 0.083893
0 0.640205 0.980879 0.148636 0.0382413
0 0.565953 0.172726 0.0765739 0.0773652
