0 0.297253 0.7425 0.192808 0.193711
0 0.156924 0.453257 0.249764 0.24336
0 0.419539 0.926162 0.291392 0.146472
0 0.779728 0.876918 0.322189 0.246164
0 0.3995 0.547747 0.21603 0.218294
0 0.922646 0.266144 0.154709 0.181711
0 0.491168 0.530463 0.171296 0.167984
0 0.567412 0.469796 0.21087 0.212063
0 0.803253 0.623437 0.23559 0.233225
0 0.474906 0.0998209 0.199356 0.193489
0 0.930653 0.925276 0.136885 0.149448
0 0.130675 0.772949 0.125497 0.121803
0 0.911098 0.912886 0.177804 0.173222
0 0.0635863 0.910215 0.125455 0.178687
0 0.894488 0.894788 0.209155 0.210425
0 0.126712 0.860744 0.253408 0.278512
0 0.612862 0.684976 0.144937 0.146616
0 0.0911826 0.899875 0.18197 0.200251
0 0.847754 0.84848 0.304493 0.301118
0 0.0806869 0.9267 0.161374 0.146601
0 0.955993 0.960793 0.0880138 0.0772202
0 0.0395434 0.942038 0.0790869 0.114328
0 0.950619 0.972481 0.098275 0.0547618
0 0.815588 0.800723 0.368824 0.392842
0 0.206916 0.748515 0.413831 0.50297
0 0.939084 0.962119 0.119907 0.0757626
0 0.152892 0.830485 0.305175 0.335011
0 0.0881112 0.856051 0.174522 0.285119
0 0.0447054 0.954815 0.0893515 0.0903706
0 0.951986 0.944522 0.0950583 0.110956
0 0.179451 0.793302 0.358901 0.413396
0 0.0576546 0.949033 0.115063 0.101424
0 0.137526 0.917808 0.273494 0.164384
0 0.027578 0.0399816 0.0550821 0.0791519
0 0.918971 0.945482 0.161243 0.109035
0 0.0842245 0.950564 0.167842 0.0974218
0 0.143894 0.96677 0.237774 0.0664597
0 0.0472764 0.925085 0.0945529 0.149831
0 0.925437 0.244067 0.149125 0.168081
0 0.958585 0.927051 0.0828297 0.145897
0 0.169854 0.893141 0.339709 0.213718
0 0.943769 0.904689 0.112463 0.190621
0 0.0214325 0.0360023 0.0428649 0.0715176
0 0.0316077 0.0312132 0.0631441 0.062076
0 0.963613 0.0245292 0.0717552 0.0488547
0 0.969605 0.94918 0.0601864 0.101155
0 0.118162 0.940685 0.230978 0.118631
0 0.277595 0.321803 0.162867 0.168369
0 0.817912 0.908712 0.362926 0.182575
0 0.687119 0.0330134 0.132588 0.0658595
0 0.0368518 0.0235463 0.0731594 0.0470926
0 0.791311 0.746723 0.417377 0.506553
0 0.94982 0.0189704 0.0934803 0.0379408
0 0.0536821 0.96857 0.105718 0.0628609
0 0.0447411 0.0284672 0.0874329 0.0568802
