0 0.0716758 0.958739 0.142141 0.0825223
0 0.655689 0.736005 0.159701 0.15683
0 0.524147 0.934994 0.15994 0.130013
0 0.380424 0.930752 0.142862 0.138496
0 0.0776814 0.422534 0.134798 0.13729
0 0.247167 0.825449 0.154714 0.15338
0 0.124571 0.644592 0.135061 0.134895
0 0.825831 0.79572 0.136081 0.131603
0 0.502474 0.404702 0.137024 0.135747
0 0.208265 0.393785 0.133955 0.131877
0 0.403508 0.569603 0.107865 0.106653
0 0.106151 0.727968 0.121698 0.118689
0 0.125163 0.321744 0.117304 0.117197
0 0.042407 0.855708 0.0828878 0.0934642
0 0.660415 0.115563 0.111085 0.111626
0 0.240281 0.341559 0.103671 0.102743
0 0.821559 0.305499 0.126951 0.127676
0 0.938921 0.956898 0.119522 0.0862034
0 0.197962 0.563621 0.0569808 0.0567444
0 0.723155 0.816541 0.093203 0.0915387
0 0.400771 0.821532 0.103232 0.102163
0 0.860503 0.590463 0.0965258 0.0982491
0 0.683452 0.503043 0.102352 0.102187
0 0.252774 0.497013 0.0611284 0.0598253
0 0.238003 0.496467 0.0615266 0.0597204
0 0.394263 0.356979 0.107819 0.106162
0 0.22929 0.215579 0.0907982 0.0917756
0 0.18399 0.564281 0.0565661 0.0558544
0 0.323207 0.459558 0.0830699 0.0859302
0 0.334811 0.236779 0.119989 0.123569
0 0.244698 0.216389 0.0910685 0.091704
0 0.782775 0.519404 0.100316 0.102074
0 0.954775 0.964185 0.0896339 0.0716309
0 0.65595 0.516453 0.107651 0.100608
0 0.309075 0.458703 0.0838171 0.0854839
0 0.735702 0.204719 0.0714249 0.0713133
0 0.973971 0.611023 0.051391 0.0910423
0 0.970523 0.958682 0.0584717 0.0800578
0 0.266862 0.105885 0.060453 0.0613617
0 0.613246 0.43962 0.0475098 0.0484908
0 0.763956 0.701518 0.0606074 0.0608063
0 0.332565 0.60486 0.0674524 0.0709674
0 0.719417 0.206277 0.0728029 0.0726416
0 0.940495 0.971897 0.110973 0.0560249
0 0.639107 0.515934 0.0922197 0.0885211
0 0.568916 0.17613 0.0946689 0.095877
0 0.597634 0.439861 0.0473375 0.0476672
0 0.252225 0.10579 0.0616371 0.0607361
0 0.460325 0.270031 0.0698148 0.070845
0 0.0759084 0.971458 0.151817 0.0564631
0 0.169728 0.172928 0.0694699 0.0691937
0 0.925165 0.965612 0.149669 0.0687769
0 0.643144 0.520703 0.0726198 0.0756475
0 0.533174 0.200478 0.0910824 0.0920434
0 0.749008 0.7017 0.0599614 0.0595998
0 0.129859 0.0322466 0.108117 0.0644933
0 0.846213 0.594111 0.0982185 0.0968381
0 0.670164 0.510985 0.116434 0.115549
0 0.55288 0.177874 0.104161 0.102038
0 0.323309 0.111292 0.0716556 0.0699857
0 0.445283 0.270473 0.0705648 0.0721649
0 0.254793 0.341553 0.0894186 0.0906581
0 0.969089 0.620624 0.0617291 0.095489
