0 0.327324 0.954927 0.162482 0.0901461
0 0.657273 0.940481 0.132639 0.119038
0 0.821622 0.70828 0.124005 0.127284
0 0.236889 0.946358 0.112833 0.103388
0 0.281724 0.63588 0.129038 0.132017
0 0.0394894 0.944077 0.0789789 0.111846
0 0.232048 0.839145 0.125813 0.12453
0 0.964905 0.469283 0.069894 0.100633
0 0.128579 0.938316 0.110721 0.108343
0 0.66807 0.728336 0.106927 0.107718
0 0.459894 0.747213 0.120801 0.116053
0 0.830156 0.463608 0.10065 0.101624
0 0.79491 0.967909 0.0984537 0.0639687
0 0.819269 0.822341 0.100336 0.103251
0 0.45031 0.408482 0.0932175 0.0933286
0 0.563131 0.728246 0.108016 0.105152
0 0.80607 0.267295 0.0913231 0.0923429
0 0.101964 0.876145 0.118132 0.116755
0 0.654491 0.274496 0.093222 0.0925308
0 0.918935 0.936153 0.106428 0.105482
0 0.74372 0.61456 0.0870945 0.0863256
0 0.626653 0.502043 0.0906216 0.0923754
0 0.334817 0.836505 0.125576 0.12879
0 0.11926 0.365785 0.0922916 0.0942624
0 0.941128 0.840041 0.0590269 0.0597341
0 0.0577933 0.45405 0.0702083 0.0693298
0 0.824717 0.6276 0.101374 0.0994263
0 0.0392952 0.323051 0.0785905 0.0951236
0 0.705676 0.191417 0.0916521 0.0909252
0 0.928283 0.840659 0.0595078 0.0599086
0 0.346846 0.291784 0.0814777 0.0814937
0 0.0435735 0.453408 0.0723363 0.070016
0 0.694176 0.492446 0.0898935 0.0881269
0 0.385828 0.112028 0.0651247 0.0688426
0 0.258317 0.343726 0.0909079 0.0917868
0 0.666259 0.790258 0.0589362 0.0604825
0 0.332624 0.291281 0.0804696 0.0828369
0 0.652935 0.78989 0.0600498 0.0598688
0 0.204048 0.64756 0.0552765 0.0540571
0 0.207323 0.475679 0.0722411 0.0729763
0 0.609481 0.501363 0.0977728 0.0955141
0 0.174043 0.168418 0.105031 0.104778
0 0.509372 0.277624 0.0825884 0.0814809
0 0.673159 0.585482 0.0479389 0.048806
0 0.66046 0.585087 0.0486305 0.0492723
0 0.559498 0.501494 0.064676 0.0633029
0 0.309825 0.187266 0.0761315 0.0777825
0 0.680802 0.48919 0.0925249 0.0937885
0 0.193501 0.475668 0.0717313 0.0731616
0 0.369924 0.478969 0.0761031 0.0777765
0 0.395987 0.577062 0.0892846 0.0892692
0 0.0468554 0.956381 0.0925752 0.0872372
0 0.190238 0.647552 0.0549786 0.0548144
0 0.348669 0.838492 0.100749 0.101408
0 0.371646 0.11316 0.0689432 0.0672292
0 0.0368687 0.962516 0.0736125 0.0749689
0 0.899912 0.418061 0.0767769 0.0758292
0 0.961313 0.96882 0.0760849 0.0623603
0 0.295954 0.187602 0.0760674 0.0756216
0 0.371405 0.26067 0.0582109 0.0588771
0 0.543436 0.504651 0.0626219 0.0634383
0 0.355075 0.480346 0.0716619 0.0705082
0 0.931485 0.745495 0.0497902 0.050621
0 0.789666 0.488519 0.0862011 0.0832234
0 0.48131 0.537698 0.0766993 0.0784424
0 0.385205 0.260274 0.0618436 0.0630067
0 0.245674 0.339506 0.0901279 0.0927838
0 0.380523 0.583817 0.0892331 0.0868694
0 0.919733 0.97649 0.105411 0.0468783
0 0.657587 0.386989 0.0895534 0.0906925
0 0.363311 0.840984 0.0972228 0.0943419
0 0.84517 0.344147 0.0736923 0.0707497
0 0.940765 0.969721 0.114221 0.0605586
0 0.919357 0.744996 0.0498249 0.0505297
0 0.774217 0.489159 0.0844883 0.0822992
0 0.969815 0.972907 0.0601093 0.0530841
0 0.784332 0.484936 0.0712269 0.0689079
0 0.468005 0.535115 0.0787024 0.0820558
0 0.263662 0.117011 0.0798765 0.0828933
0 0.0516132 0.0641996 0.070785 0.0685699
0 0.301489 0.511352 0.0934061 0.0940943
0 0.0417793 0.070756 0.0762955 0.0768604
0 0.352125 0.102548 0.0555418 0.0616835
0 0.194987 0.408657 0.0589395 0.0602105
0 0.978445 0.962439 0.0424553 0.0725382
0 0.888412 0.415387 0.08598 0.0875744
0 0.457512 0.142026 0.0842438 0.085274
0 0.731891 0.262968 0.0438947 0.044854
0 0.953481 0.960973 0.0922531 0.0768186
0 0.189234 0.290522 0.0520022 0.0512929
