0 0.0759465 0.686505 0.0948961 0.0957247
0 0.798645 0.754126 0.0706797 0.0716719
0 0.0403904 0.791599 0.0729109 0.074472
0 0.627341 0.30105 0.0714005 0.0728277
0 0.317062 0.733348 0.0785363 0.0795461
0 0.351096 0.642589 0.0782958 0.0768804
0 0.874135 0.563438 0.0757393 0.0760981
0 0.625307 0.681133 0.0585426 0.059016
0 0.361713 0.439486 0.0869805 0.0847635
0 0.0260949 0.283874 0.0520986 0.0701661
0 0.57532 0.512119 0.0719224 0.0722611
0 0.473166 0.352814 0.0650284 0.0642568
0 0.435345 0.83073 0.0844568 0.0839104
0 0.465619 0.752629 0.0672306 0.0678141
0 0.507036 0.516949 0.0598005 0.0598574
0 0.166052 0.511793 0.0956953 0.094573
0 0.528026 0.726623 0.0585179 0.0592687
0 0.0771523 0.427101 0.069569 0.0697097
0 0.686271 0.415435 0.0556458 0.0546434
0 0.245076 0.60075 0.0657335 0.0650794
0 0.367154 0.232301 0.0680898 0.0671846
0 0.168585 0.305767 0.0837501 0.0825614
0 0.500401 0.210709 0.0713163 0.0720392
0 0.493876 0.644366 0.0739779 0.0730644
0 0.612567 0.300415 0.0707417 0.0719842
0 0.40574 0.740607 0.0503059 0.0495135
0 0.835447 0.913017 0.0809763 0.0832301
0 0.376205 0.438713 0.0873514 0.0870347
0 0.295995 0.839495 0.0836056 0.0841468
0 0.4447 0.505357 0.0699294 0.0689748
0 0.472443 0.447458 0.0437809 0.0442329
0 0.0304445 0.866374 0.060889 0.0751312
0 0.395936 0.6599 0.0456978 0.0456736
0 0.724021 0.673008 0.0804951 0.0817434
0 0.23108 0.289482 0.0726637 0.0715201
0 0.56724 0.658077 0.0669588 0.0670367
0 0.409329 0.565838 0.0764693 0.0768438
0 0.394608 0.565265 0.0759358 0.0765767
0 0.510727 0.79967 0.0518723 0.0510684
0 0.769713 0.235659 0.0708938 0.0694238
0 0.45992 0.577532 0.0590679 0.0595912
0 0.244394 0.42892 0.0731978 0.0727685
0 0.663494 0.762852 0.0704124 0.0700197
0 0.651398 0.863796 0.0839118 0.0837017
0 0.182949 0.30564 0.0820097 0.0817236
0 0.309898 0.481726 0.0601647 0.0609957
0 0.288197 0.558352 0.0740494 0.0739426
0 0.513656 0.909728 0.0966858 0.0972763
0 0.755476 0.235097 0.071353 0.0707452
0 0.493607 0.516927 0.058614 0.058511
0 0.613703 0.593813 0.072722 0.0730186
0 0.439307 0.686715 0.047146 0.0471446
0 0.303093 0.733209 0.0782848 0.07862
0 0.55332 0.658088 0.0674812 0.0670887
0 0.473758 0.577307 0.0605019 0.0594767
0 0.534522 0.582709 0.0600029 0.0588636
0 0.561624 0.511661 0.0745402 0.0734923
0 0.337114 0.642606 0.0766155 0.0773218
0 0.442792 0.420614 0.0530163 0.0537906
0 0.570279 0.435584 0.0618956 0.0607826
0 0.750881 0.344449 0.070678 0.069649
0 0.302542 0.558679 0.0756866 0.0749785
0 0.434055 0.291833 0.0642464 0.0643404
0 0.485993 0.446632 0.0450831 0.0438572
0 0.347112 0.534571 0.0476768 0.0477866
0 0.355762 0.862138 0.050819 0.0511761
0 0.599818 0.594096 0.0741001 0.0734403
0 0.593055 0.789722 0.0769977 0.0765991
0 0.54976 0.334636 0.0522129 0.0514778
0 0.432165 0.169901 0.0716855 0.0721598
0 0.229361 0.601095 0.0654646 0.0648323
0 0.576532 0.883066 0.0710796 0.0720009
0 0.675243 0.492942 0.0690186 0.0692595
0 0.4199 0.831033 0.0828215 0.0843351
0 0.369574 0.86165 0.0515896 0.0509817
0 0.225193 0.797537 0.0610267 0.0613335
0 0.479123 0.751872 0.0683214 0.0674594
0 0.744882 0.397448 0.049359 0.050222
0 0.453341 0.686939 0.0463236 0.0467313
0 0.689395 0.493076 0.0703733 0.0702932
0 0.509199 0.303589 0.0414486 0.0418302
0 0.292319 0.643097 0.0434421 0.0435439
0 0.277918 0.642375 0.0441004 0.0450526
0 0.419443 0.740493 0.0502857 0.0498004
0 0.24987 0.70489 0.0770976 0.0755814
0 0.611625 0.681533 0.0585592 0.0581586
0 0.364666 0.0762772 0.0729774 0.0727038
0 0.52394 0.30399 0.0407293 0.0412043
0 0.513905 0.726376 0.0586323 0.0577134
0 0.209772 0.388407 0.0468484 0.0479898
0 0.459851 0.35307 0.063983 0.0643224
0 0.507834 0.644764 0.0735807 0.07321
0 0.429309 0.420455 0.0533944 0.0541424
0 0.296109 0.481319 0.0599974 0.0603477
0 0.389919 0.701212 0.0337638 0.0340858
0 0.563787 0.33474 0.0526869 0.0530698
0 0.263328 0.855631 0.0430517 0.0434146
0 0.525907 0.799929 0.0514612 0.0509193
0 0.236587 0.705481 0.075961 0.0757746
0 0.430347 0.504093 0.0699462 0.0687679
0 0.268153 0.942475 0.067798 0.0682487
0 0.576058 0.22168 0.0831602 0.0823111
0 0.417351 0.169833 0.0717284 0.0716396
0 0.562891 0.883741 0.0709517 0.0714211
0 0.562613 0.174456 0.0668016 0.0681266
0 0.636788 0.215299 0.0521838 0.0533967
0 0.785815 0.858817 0.0742149 0.0746269
0 0.229117 0.489525 0.0546103 0.0549066
0 0.650112 0.762721 0.0698315 0.0707756
0 0.496285 0.909464 0.0984553 0.0974098
0 0.650685 0.215089 0.051967 0.0527857
0 0.642749 0.35677 0.0552959 0.0567752
0 0.521484 0.582131 0.0584047 0.0579287
0 0.77115 0.859022 0.0728071 0.0731397
0 0.360854 0.535115 0.0466033 0.0469348
0 0.239568 0.797292 0.061896 0.0614217
0 0.814339 0.35686 0.0521521 0.0539432
0 0.731733 0.397633 0.0495358 0.0502992
0 0.738435 0.774823 0.0739061 0.0732999
0 0.110121 0.271554 0.0431884 0.0439472
0 0.096353 0.339846 0.0702634 0.0704108
0 0.418846 0.293298 0.0630653 0.0633654
0 0.196018 0.388181 0.0467903 0.04706
0 0.409905 0.66018 0.0462586 0.0465075
0 0.578202 0.78956 0.076944 0.0763402
0 0.110117 0.867776 0.0623724 0.0622325
0 0.9332 0.562753 0.0751221 0.0769337
0 0.350173 0.0766679 0.0714164 0.0708585
0 0.810438 0.410866 0.0734177 0.0738022
0 0.448655 0.635636 0.0352364 0.033852
0 0.556713 0.435804 0.0607787 0.0604315
0 0.412714 0.0344209 0.0644821 0.0658155
0 0.245128 0.291177 0.0732717 0.0725892
0 0.502201 0.412534 0.0513351 0.0517319
0 0.243019 0.488794 0.0527297 0.0536484
0 0.173712 0.880903 0.0720957 0.0699435
0 0.428468 0.0344629 0.064052 0.0651977
0 0.666023 0.864219 0.0844248 0.0825465
0 0.617575 0.938776 0.0542809 0.055453
0 0.723726 0.775038 0.0738011 0.0730394
0 0.128607 0.792183 0.0588871 0.057413
0 0.657058 0.357513 0.0555904 0.0554563
0 0.43913 0.913462 0.0444304 0.0448695
0 0.303898 0.1566 0.0616619 0.061908
0 0.0964452 0.867942 0.0634588 0.0626072
0 0.375044 0.700833 0.0348228 0.0347422
0 0.548927 0.175191 0.0667802 0.0677678
0 0.634497 0.422953 0.0625473 0.0615789
0 0.336872 0.919163 0.0506479 0.0517731
0 0.64899 0.423164 0.0622127 0.0614343
0 0.0817439 0.339885 0.0684306 0.0675161
0 0.486361 0.210165 0.0724567 0.0717978
0 0.172037 0.805627 0.0527785 0.0528704
0 0.096783 0.271783 0.0429034 0.0440567
0 0.596064 0.384102 0.0409477 0.0424248
0 0.25616 0.19191 0.0610294 0.0614307
0 0.063231 0.426993 0.0695356 0.0695836
0 0.159345 0.881618 0.0705225 0.0708959
0 0.185802 0.805115 0.0519825 0.0529793
0 0.434487 0.635478 0.0351347 0.035258
0 0.205021 0.929234 0.0544868 0.0550936
0 0.636087 0.510482 0.0466912 0.0474798
0 0.797123 0.410789 0.0739942 0.0745997
0 0.913255 0.720692 0.0486652 0.0511218
0 0.113889 0.792504 0.0595932 0.0572502
0 0.736283 0.34452 0.06972 0.0707845
0 0.352541 0.232488 0.0669337 0.0665847
0 0.231802 0.428013 0.0734709 0.0717969
0 0.516491 0.412321 0.0513639 0.0515722
0 0.885128 0.406534 0.0770237 0.0766064
0 0.5616 0.223764 0.083666 0.0815774
0 0.740636 0.57433 0.052189 0.05255
0 0.289874 0.156312 0.0628232 0.0643825
0 0.562736 0.0454206 0.0753174 0.0748958
0 0.32257 0.919273 0.0519515 0.0518564
0 0.053467 0.622557 0.0752751 0.0736468
0 0.808152 0.480047 0.0568485 0.05529
0 0.602198 0.938186 0.054998 0.0551626
0 0.704183 0.237869 0.0568499 0.0572544
0 0.918605 0.458385 0.0725107 0.0733727
0 0.582744 0.383987 0.041621 0.042842
0 0.253794 0.943504 0.0674496 0.0677287
0 0.318581 0.401801 0.0390498 0.039849
0 0.703287 0.194679 0.0620337 0.0622702
0 0.800889 0.356711 0.0527226 0.0515896
0 0.352549 0.168213 0.0619409 0.0613028
0 0.689806 0.195314 0.0639242 0.0624964
0 0.77164 0.505116 0.0527784 0.0525567
0 0.818484 0.480452 0.0546783 0.0547971
0 0.933298 0.889484 0.0682972 0.07117
0 0.111084 0.596853 0.0556948 0.0553744
0 0.621947 0.510446 0.0471094 0.0476793
0 0.190226 0.92947 0.0541714 0.0551694
0 0.241426 0.192433 0.0610257 0.0607953
0 0.801719 0.663334 0.0596195 0.0591165
0 0.394493 0.502247 0.0368314 0.0386676
0 0.424891 0.913702 0.0436352 0.0450473
0 0.276108 0.381296 0.0339915 0.0340262
0 0.261591 0.381236 0.0334929 0.0319941
0 0.733062 0.455896 0.0438214 0.0443203
0 0.194535 0.218406 0.0565981 0.0556644
0 0.126153 0.596865 0.055729 0.0551936
0 0.747025 0.455867 0.0439449 0.04432
0 0.84546 0.2512 0.060784 0.0612013
0 0.658045 0.129953 0.0564964 0.056841
0 0.757893 0.505208 0.0527904 0.0528707
0 0.547727 0.0455923 0.0762675 0.0759797
0 0.789899 0.663336 0.0581856 0.0592295
0 0.804531 0.568674 0.0693799 0.0680278
0 0.672337 0.1297 0.056971 0.058065
0 0.208559 0.217721 0.0583232 0.055947
0 0.0967946 0.949341 0.0622918 0.0629766
0 0.303961 0.401872 0.0397365 0.0399329
0 0.0762802 0.51921 0.0633908 0.0635223
0 0.405434 0.353436 0.0385556 0.0397422
0 0.0521872 0.387905 0.0504268 0.0505781
0 0.0803922 0.949719 0.0616117 0.0611678
0 0.888176 0.294979 0.0532152 0.0537474
0 0.250959 0.855602 0.0418368 0.041595
0 0.674625 0.416338 0.0530316 0.0538972
0 0.183342 0.733276 0.0589091 0.0572314
0 0.704503 0.962707 0.0465803 0.0486654
0 0.873278 0.296234 0.0518795 0.0522872
0 0.16687 0.733266 0.0601906 0.0577618
0 0.391516 0.353247 0.0401255 0.0410098
0 0.391128 0.922005 0.0562773 0.0564851
0 0.367721 0.168516 0.0615188 0.0605979
0 0.165874 0.418189 0.0578051 0.0573877
0 0.680195 0.589983 0.0418808 0.0415301
0 0.727368 0.574292 0.0527308 0.0530783
0 0.57985 0.984029 0.0655659 0.0317879
0 0.0378246 0.387481 0.0525346 0.0529926
0 0.830295 0.251598 0.0600897 0.0607665
0 0.340118 0.984532 0.0778434 0.0308477
0 0.375153 0.921989 0.0577538 0.056169
0 0.666239 0.589544 0.0416536 0.0413317
0 0.292217 0.318837 0.0350616 0.0347645
0 0.150757 0.417616 0.0581306 0.0589144
0 0.67473 0.351808 0.0615606 0.0604296
0 0.381091 0.502267 0.035631 0.0381446
0 0.455811 0.976522 0.0814295 0.0464834
0 0.289758 0.289091 0.0449438 0.0442232
0 0.692873 0.963372 0.04826 0.0496821
0 0.872539 0.406237 0.0757645 0.074476
0 0.518274 0.0884 0.0586594 0.0595576
0 0.798125 0.819604 0.0482712 0.0466179
0 0.708499 0.937036 0.0696964 0.0712374
0 0.663958 0.54825 0.0361116 0.0351297
0 0.933795 0.6761 0.0498657 0.0493711
0 0.56597 0.982824 0.0638827 0.0343516
0 0.947103 0.560638 0.0784054 0.0793482
0 0.525309 0.446647 0.0332225 0.0325307
0 0.302887 0.287837 0.0446672 0.0440392
0 0.811877 0.819915 0.0482586 0.0476254
0 0.898805 0.720449 0.0482672 0.0500506
0 0.659002 0.626458 0.0329549 0.0333534
0 0.32995 0.986299 0.0767717 0.0274022
0 0.948369 0.6768 0.0494408 0.0499512
0 0.380046 0.801416 0.0376821 0.0383555
0 0.493264 0.0272899 0.061853 0.0545799
0 0.689947 0.236743 0.0577227 0.0571233
0 0.826659 0.719555 0.0481705 0.0495163
0 0.923963 0.800801 0.0708187 0.0684874
0 0.320816 0.26238 0.0390372 0.039638
0 0.913757 0.885012 0.0738504 0.0755221
0 0.650424 0.548752 0.0352864 0.0357287
0 0.673167 0.627664 0.032152 0.0328262
0 0.243198 0.141977 0.0530541 0.0543276
0 0.617311 0.172415 0.0453358 0.0462648
0 0.723024 0.934988 0.0685889 0.0677244
0 0.503791 0.0878924 0.0604431 0.0599657
0 0.442895 0.977772 0.0793854 0.0441444
0 0.245881 0.377509 0.0274132 0.0269186
0 0.493172 0.25642 0.038513 0.0386854
0 0.424451 0.331081 0.0357227 0.0349968
0 0.68558 0.351155 0.0641357 0.0624139
0 0.158203 0.212825 0.0310579 0.0306424
0 0.81357 0.719443 0.0468822 0.0465441
0 0.230284 0.377709 0.0293172 0.0275884
0 0.278564 0.318915 0.0349026 0.0352158
0 0.474214 0.131734 0.0360608 0.0366053
0 0.510099 0.445997 0.0311658 0.0332548
0 0.409879 0.331682 0.0378317 0.036417
0 0.85383 0.680267 0.0547367 0.054774
0 0.459427 0.13195 0.0348143 0.0364273
0 0.601948 0.172843 0.0451895 0.0465212
0 0.365001 0.802963 0.0364626 0.0367966
0 0.195466 0.991012 0.0712375 0.0179766
0 0.772336 0.61914 0.0368714 0.0373515
0 0.14379 0.212132 0.0302571 0.0318169
0 0.257917 0.114233 0.0602429 0.0596743
0 0.383576 0.70027 0.0338502 0.0337439
0 0.984552 0.623046 0.0308424 0.0615593
0 0.110746 0.54272 0.0349995 0.0349765
0 0.0156311 0.532991 0.0311913 0.0870129
0 0.47761 0.0293438 0.0612505 0.0581373
0 0.138706 0.974277 0.0844895 0.0514455
0 0.759764 0.618815 0.0373837 0.0382729
0 0.479099 0.257022 0.0375904 0.0382101
0 0.306898 0.262989 0.0388492 0.0417566
