0 0.260722 0.889923 0.201447 0.201735
0 0.466655 0.846218 0.199362 0.197333
0 0.38096 0.593997 0.171359 0.170038
0 0.528327 0.688987 0.181036 0.187572
0 0.395785 0.760611 0.149011 0.14755
0 0.86365 0.775337 0.130562 0.128079
0 0.761965 0.640527 0.145875 0.146541
0 0.147602 0.254852 0.196617 0.195801
0 0.845625 0.256004 0.158702 0.157683
0 0.593319 0.912142 0.15127 0.150787
0 0.638015 0.683809 0.129523 0.126392
0 0.549591 0.538353 0.133897 0.133404
0 0.716901 0.918435 0.123931 0.133297
0 0.954047 0.95955 0.0909866 0.0806351
0 0.944407 0.555632 0.111082 0.172647
0 0.755037 0.733104 0.101179 0.100039
0 0.0604148 0.761823 0.12083 0.205174
0 0.600803 0.267985 0.144403 0.141875
0 0.308113 0.470284 0.118453 0.120316
0 0.437377 0.442579 0.139487 0.139028
0 0.667552 0.491854 0.120984 0.122484
0 0.934987 0.959623 0.127505 0.080755
0 0.369602 0.125428 0.13801 0.140163
0 0.100013 0.663132 0.125035 0.125287
0 0.931933 0.935869 0.134179 0.128263
0 0.94475 0.966892 0.109277 0.0662158
0 0.94476 0.949036 0.110426 0.101055
0 0.054524 0.94353 0.109048 0.112939
0 0.464716 0.378008 0.104338 0.103041
0 0.761959 0.955489 0.181254 0.0890225
0 0.292444 0.725635 0.0889962 0.0895915
0 0.256759 0.572266 0.10105 0.101294
0 0.0419214 0.320464 0.0836573 0.173187
0 0.0248406 0.0328243 0.0496812 0.0655855
0 0.914191 0.921998 0.171619 0.155104
0 0.967265 0.950707 0.0651886 0.0978943
0 0.0754812 0.930231 0.150335 0.136876
0 0.029251 0.0428916 0.0585021 0.0830738
0 0.960245 0.937605 0.0791643 0.12479
0 0.0744683 0.950273 0.148937 0.0993719
0 0.0378005 0.960668 0.0756009 0.077357
0 0.0350679 0.0320406 0.0701202 0.0637793
0 0.0542548 0.962002 0.107952 0.0756658
0 0.704459 0.729548 0.077482 0.0764615
0 0.919878 0.950644 0.158495 0.098351
0 0.0420042 0.0478393 0.0839504 0.0956786
0 0.163111 0.541562 0.0873165 0.0882209
0 0.665458 0.43289 0.0842735 0.0841543
0 0.929889 0.971985 0.134702 0.0560307
0 0.148006 0.539668 0.0848054 0.0862871
0 0.952271 0.92256 0.0954571 0.151438
0 0.0901026 0.961415 0.178296 0.0771701
0 0.731728 0.283182 0.0849644 0.0849481
0 0.0422957 0.971815 0.0845583 0.0563705
0 0.465773 0.132068 0.105931 0.108077
0 0.898959 0.903964 0.200717 0.189502
0 0.0485145 0.0288933 0.0921628 0.0577866
0 0.923111 0.977998 0.153779 0.0437593
0 0.27769 0.727793 0.0898304 0.0895119
0 0.915882 0.405791 0.0766846 0.0773949
0 0.101176 0.977926 0.157664 0.0439837
0 0.257545 0.407377 0.0841959 0.0855799
0 0.0320991 0.0618365 0.0634011 0.116386
0 0.745573 0.969208 0.170737 0.0615838
0 0.963853 0.911974 0.072295 0.170434
0 0.0766274 0.96885 0.148223 0.0623006
0 0.900241 0.980159 0.16573 0.0396818
0 0.875348 0.948418 0.241791 0.103164
0 0.138995 0.930849 0.272825 0.138302
0 0.563544 0.127902 0.112598 0.111788
