0 0.205906 0.778026 0.0984587 0.0995837
0 0.614333 0.870029 0.0938127 0.091654
0 0.87499 0.710648 0.117787 0.116996
0 0.65479 0.614096 0.113808 0.119105
0 0.10776 0.941723 0.0954397 0.0960556
0 0.83346 0.915407 0.103374 0.10134
0 0.752968 0.684383 0.113908 0.114634
0 0.157565 0.672894 0.101111 0.102773
0 0.219586 0.878343 0.117485 0.116503
0 0.164781 0.979396 0.106401 0.0412089
0 0.936206 0.978638 0.124573 0.0427235
0 0.523647 0.509883 0.106838 0.108347
0 0.4731 0.834483 0.110673 0.11104
0 0.594088 0.330861 0.096709 0.0966849
0 0.290409 0.751723 0.100194 0.1009
0 0.954181 0.532012 0.0916389 0.095475
0 0.52833 0.418437 0.100884 0.100739
0 0.56901 0.802769 0.0501331 0.0498655
0 0.58235 0.80304 0.0498321 0.0494469
0 0.510086 0.663179 0.107617 0.109212
0 0.332431 0.941804 0.0861669 0.0867625
0 0.0250548 0.803839 0.0501097 0.10569
0 0.124108 0.796976 0.0849011 0.0869529
0 0.0921534 0.659213 0.0769415 0.0794896
0 0.636239 0.69956 0.0688471 0.0691976
0 0.0240156 0.970352 0.0478607 0.0584948
0 0.438461 0.560118 0.0881191 0.0895736
0 0.178438 0.38776 0.0826424 0.0820616
0 0.423149 0.55932 0.0892079 0.0902341
0 0.648947 0.370713 0.084936 0.0851299
0 0.635099 0.369337 0.0847252 0.0839973
0 0.622535 0.700211 0.0681125 0.069736
0 0.0902853 0.424348 0.08824 0.0881401
0 0.706236 0.823536 0.0886545 0.0880122
0 0.870653 0.36993 0.0931889 0.092983
0 0.754768 0.844572 0.0652311 0.0654231
0 0.769689 0.844637 0.0645147 0.0651915
0 0.232391 0.560945 0.0958518 0.0962985
0 0.384398 0.628248 0.0526372 0.0527362
0 0.369912 0.628338 0.0518911 0.0527387
0 0.691264 0.824035 0.0867116 0.0865781
0 0.426697 0.326547 0.0879553 0.0888227
0 0.3766 0.748717 0.0462856 0.0468418
0 0.399702 0.990766 0.0899784 0.018469
0 0.483288 0.984778 0.114097 0.0302195
0 0.162681 0.386644 0.0830804 0.0831212
0 0.21659 0.559774 0.0936027 0.0945498
0 0.855174 0.37255 0.0896912 0.0898982
0 0.820869 0.56485 0.0709589 0.0715392
0 0.296695 0.486448 0.0333877 0.0341091
0 0.215072 0.343801 0.030922 0.0302625
0 0.311198 0.486319 0.0345738 0.0325391
0 0.703365 0.408759 0.0760655 0.0754506
0 0.362155 0.393555 0.0703248 0.0700338
0 0.286366 0.288429 0.0814207 0.082291
0 0.679273 0.307814 0.091723 0.0903303
0 0.264563 0.209038 0.0840014 0.0838463
0 0.412138 0.324744 0.0879154 0.0894054
0 0.968289 0.399679 0.0555504 0.0544474
0 0.347707 0.391187 0.0711988 0.0718361
0 0.362173 0.748289 0.04482 0.0465729
0 0.34721 0.941023 0.0881313 0.0878946
0 0.699527 0.912349 0.0560938 0.0560895
0 0.73564 0.595116 0.0577395 0.0582179
0 0.688392 0.409006 0.0767238 0.076725
0 0.80816 0.402495 0.0604643 0.0610437
0 0.755868 0.211132 0.0907336 0.0901129
0 0.250047 0.208058 0.0802872 0.0814902
0 0.937313 0.384816 0.0634541 0.0617559
0 0.893617 0.448944 0.0628071 0.0632437
0 0.807246 0.564606 0.072076 0.0690472
0 0.0275199 0.536152 0.0550399 0.0771343
0 0.110412 0.794265 0.08408 0.0840163
0 0.879199 0.445629 0.0691139 0.0686129
0 0.94844 0.385527 0.0594479 0.060876
0 0.793905 0.402962 0.061393 0.061953
0 0.686072 0.912199 0.0552942 0.0556969
0 0.650685 0.874348 0.0503207 0.0500476
0 0.909402 0.510347 0.0419785 0.0426731
0 0.742178 0.214197 0.0914083 0.0904223
0 0.60393 0.224227 0.083975 0.0834883
0 0.200173 0.344676 0.0302658 0.0309706
0 0.273366 0.290216 0.0825309 0.0819219
0 0.636624 0.876298 0.0503963 0.0578021
0 0.880561 0.800436 0.0697279 0.0689295
0 0.896434 0.511285 0.0431511 0.0430154
0 0.722112 0.594415 0.0582469 0.0578654
0 0.331892 0.256665 0.0648167 0.0655172
0 0.89303 0.799554 0.0699375 0.0689137
0 0.669374 0.317046 0.088307 0.0878574
0 0.032293 0.681903 0.062257 0.0651431
0 0.170049 0.985351 0.111881 0.0292984
0 0.317514 0.256837 0.0640061 0.0649672
0 0.117515 0.810421 0.0645382 0.0678012
0 0.167824 0.409192 0.051795 0.0477229
0 0.336912 0.0714945 0.0602746 0.0601861
0 0.952827 0.398125 0.0555567 0.0540592
0 0.256854 0.12105 0.0725455 0.0718956
0 0.757286 0.466541 0.0402754 0.0411598
0 0.506549 0.14036 0.0584406 0.0594808
0 0.308885 0.330351 0.0605172 0.0625314
0 0.243456 0.12348 0.0719743 0.071359
0 0.591878 0.227575 0.0845335 0.0847108
0 0.294424 0.330536 0.0637545 0.0652958
0 0.0289259 0.976018 0.0563122 0.0469106
0 0.492734 0.140736 0.0588295 0.059457
0 0.0207553 0.532573 0.0414517 0.0717375
0 0.477277 0.980151 0.106952 0.0396062
0 0.323721 0.0746261 0.0618526 0.0591798
0 0.373875 0.444677 0.0471509 0.0466337
0 0.970735 0.14984 0.0581514 0.079073
0 0.743484 0.466872 0.0404419 0.0412482
0 0.961717 0.191102 0.0516359 0.0530918
0 0.106861 0.813946 0.0614311 0.0625239
0 0.882889 0.287251 0.0731125 0.0729286
0 0.809381 0.991971 0.104613 0.016059
0 0.420865 0.445324 0.0466549 0.046762
0 0.936189 0.985552 0.127621 0.028896
0 0.896056 0.287608 0.0728073 0.0714029
0 0.384679 0.182464 0.0749958 0.0743646
