0 0.603369 0.972688 0.111839 0.0546237
0 0.791692 0.968171 0.0992039 0.0633958
0 0.150936 0.726806 0.078316 0.0767586
0 0.97073 0.646959 0.0581066 0.0982704
0 0.253435 0.430986 0.0860292 0.0875155
0 0.0400179 0.845218 0.0748897 0.0783098
0 0.52043 0.648659 0.068942 0.0694956
0 0.500889 0.983437 0.090794 0.0331263
0 0.353278 0.841289 0.0957613 0.0971034
0 0.440138 0.572631 0.089261 0.0885391
0 0.543718 0.800908 0.10044 0.101411
0 0.469452 0.900625 0.0962055 0.0944929
0 0.76395 0.870446 0.0871591 0.0876778
0 0.07349 0.74811 0.0889851 0.0877345
0 0.550168 0.571959 0.0641745 0.0648224
0 0.609744 0.878126 0.072122 0.0719861
0 0.837931 0.889058 0.0768778 0.0768169
0 0.725784 0.543595 0.065119 0.065142
0 0.395418 0.450442 0.0730611 0.0734774
0 0.600971 0.526726 0.0857792 0.0864035
0 0.770476 0.458657 0.0986826 0.0987911
0 0.505616 0.64886 0.0692923 0.0697882
0 0.895256 0.872875 0.0908031 0.0892179
0 0.436636 0.316501 0.0793102 0.0789765
0 0.663117 0.631159 0.0596111 0.0587079
0 0.329746 0.72789 0.0752452 0.0762184
0 0.524125 0.410425 0.085676 0.0855213
0 0.103303 0.611353 0.0893962 0.0891088
0 0.739178 0.544956 0.0657084 0.0644227
0 0.589868 0.405148 0.080769 0.0801314
0 0.762439 0.402703 0.0805502 0.0837609
0 0.668642 0.384236 0.0892666 0.0910563
0 0.471908 0.122236 0.0626123 0.0627392
0 0.032202 0.548456 0.0644041 0.0788416
0 0.218469 0.567931 0.0746985 0.0747802
0 0.898949 0.376345 0.0891319 0.0887379
0 0.754632 0.768183 0.0691783 0.0687158
0 0.461648 0.465937 0.0589182 0.0583349
0 0.360889 0.0591551 0.0686528 0.0680608
0 0.589544 0.655586 0.082551 0.0835307
0 0.844772 0.781019 0.0850163 0.0841548
0 0.378722 0.650909 0.0714629 0.0714152
0 0.65623 0.952918 0.0494711 0.0468942
0 0.595766 0.87767 0.0727854 0.0716314
0 0.393514 0.650469 0.0726868 0.0726617
0 0.232566 0.567915 0.0746744 0.0753495
0 0.732353 0.685723 0.0427415 0.042098
0 0.351314 0.242668 0.0775902 0.0766211
0 0.337515 0.24236 0.0753068 0.0753992
0 0.745556 0.685181 0.0436157 0.0425148
0 0.825349 0.588587 0.0843281 0.0850571
0 0.616254 0.525659 0.086977 0.0869785
0 0.604963 0.405536 0.0788307 0.0794265
0 0.834787 0.513017 0.0625969 0.0632845
0 0.384769 0.893189 0.0643742 0.0639488
0 0.175364 0.895316 0.0745071 0.0726978
0 0.887191 0.744402 0.0750652 0.0751002
0 0.190986 0.897647 0.0780602 0.0765826
0 0.536756 0.572496 0.0623552 0.0633377
0 0.344633 0.727276 0.0771922 0.0758039
0 0.683285 0.385704 0.0886679 0.0888757
0 0.139246 0.817666 0.0748342 0.0737404
0 0.954396 0.315361 0.0912078 0.0924453
0 0.381846 0.45115 0.0738309 0.0750129
0 0.829782 0.781437 0.0836956 0.0833986
0 0.50887 0.411174 0.084072 0.0831396
0 0.17933 0.627871 0.0588515 0.0593346
0 0.640443 0.764185 0.0652999 0.0662588
0 0.649519 0.631129 0.0594002 0.0586876
0 0.398527 0.0251713 0.0619122 0.0503426
0 0.447057 0.466781 0.0571024 0.0577557
0 0.6047 0.656057 0.0823882 0.0837273
0 0.777504 0.666651 0.0614937 0.0620275
0 0.899212 0.521807 0.0794209 0.0810892
0 0.65643 0.155032 0.0816933 0.0837048
0 0.741017 0.768022 0.0677277 0.0684906
0 0.457932 0.122175 0.0610203 0.0627905
0 0.0267264 0.628834 0.0532188 0.0739604
0 0.654314 0.764062 0.0666059 0.0661294
0 0.672831 0.529128 0.0687141 0.0693747
0 0.421797 0.317099 0.0789052 0.0788885
0 0.641909 0.953442 0.0488195 0.0482707
0 0.670715 0.155908 0.0828678 0.0830278
0 0.757394 0.211922 0.0766485 0.0773411
0 0.872214 0.744801 0.0754444 0.0756697
0 0.779708 0.0665388 0.062233 0.0627583
0 0.206349 0.972299 0.0509793 0.0496638
0 0.70671 0.808139 0.0615969 0.0634613
0 0.743654 0.211451 0.0775568 0.0781872
0 0.913574 0.522281 0.0821224 0.0811801
0 0.611498 0.245845 0.0612475 0.0618008
0 0.766637 0.0660164 0.0623459 0.0630056
0 0.823656 0.889347 0.0754313 0.0765259
0 0.817642 0.702441 0.0499546 0.0496699
0 0.370291 0.892398 0.0639564 0.0629257
0 0.9325 0.575789 0.0660774 0.0668338
0 0.597554 0.24539 0.0621396 0.0623748
0 0.686858 0.529228 0.0679647 0.0690022
0 0.306526 0.655194 0.0588467 0.0575164
0 0.413581 0.025565 0.0615792 0.0509677
0 0.19189 0.97196 0.0496189 0.0493947
0 0.124937 0.817537 0.0744786 0.0740882
0 0.165078 0.627817 0.0601044 0.0598844
0 0.346156 0.0579271 0.0689987 0.0689598
0 0.820368 0.512949 0.0635862 0.0627816
0 0.762224 0.666365 0.0623936 0.0627036
0 0.56882 0.382375 0.0535097 0.0566198
0 0.749698 0.400529 0.0804669 0.0800457
0 0.192776 0.799929 0.0472762 0.0472982
0 0.177363 0.800282 0.0471997 0.0477603
0 0.693099 0.807683 0.0619526 0.0636084
0 0.883765 0.376253 0.089913 0.090224
0 0.556333 0.254159 0.0552311 0.0541557
0 0.334735 0.603625 0.051033 0.050605
0 0.555224 0.382327 0.058189 0.0569739
0 0.775114 0.589981 0.0383627 0.0378325
0 0.353758 0.929263 0.0399471 0.0395879
0 0.292201 0.655341 0.0575413 0.0576869
0 0.535713 0.515631 0.0493243 0.0504209
0 0.363732 0.978891 0.0634882 0.0420973
0 0.878389 0.0868274 0.0769138 0.0770372
0 0.328753 0.417048 0.0563424 0.056248
0 0.271231 0.228513 0.0666995 0.0685062
0 0.279339 0.515792 0.0618305 0.0616216
0 0.519855 0.516071 0.048963 0.0493847
0 0.890788 0.635843 0.0427582 0.0427116
0 0.256145 0.229522 0.066177 0.0669865
0 0.349837 0.603493 0.0493557 0.0514895
0 0.760992 0.590155 0.0381124 0.0385648
0 0.599285 0.0788948 0.0568203 0.0581425
0 0.483935 0.826979 0.0419977 0.0423796
0 0.314263 0.417016 0.0568354 0.0570211
0 0.584874 0.0785638 0.0580671 0.0572377
0 0.386633 0.71549 0.0363652 0.03728
0 0.804076 0.702209 0.0498028 0.0494851
0 0.386907 0.554665 0.0549423 0.0566007
0 0.595475 0.322173 0.0627356 0.0624584
0 0.414768 0.161894 0.0691379 0.0683691
0 0.453311 0.0319988 0.0580842 0.0585949
0 0.265366 0.516056 0.0618749 0.0613787
0 0.372467 0.554814 0.0548615 0.0548762
0 0.282901 0.141865 0.0573189 0.0564535
0 0.44339 0.830342 0.0346144 0.0354146
0 0.583845 0.323016 0.062542 0.0627071
0 0.340029 0.92909 0.0387434 0.0391853
0 0.701212 0.990296 0.094212 0.0194084
0 0.372602 0.715258 0.0358732 0.0374636
0 0.32784 0.488945 0.0472653 0.0479205
0 0.839802 0.0968051 0.0666214 0.0708544
0 0.488151 0.985769 0.0967032 0.0284626
0 0.470826 0.826906 0.0420065 0.0413447
0 0.522305 0.271836 0.0568568 0.0560673
0 0.400789 0.160475 0.0670061 0.0667679
0 0.921146 0.576537 0.0681873 0.0694654
0 0.537364 0.271794 0.0550747 0.0547412
0 0.760343 0.282374 0.0594963 0.0595582
0 0.194445 0.510771 0.0375515 0.038172
0 0.87693 0.635927 0.0408718 0.0425227
0 0.589023 0.976642 0.107673 0.0467171
0 0.188572 0.686991 0.0380456 0.0384329
0 0.268314 0.141984 0.0566507 0.0554347
0 0.439094 0.0317557 0.056411 0.0566724
0 0.449655 0.227549 0.0508163 0.0515982
0 0.429419 0.830265 0.0339697 0.0346897
0 0.543566 0.254947 0.052354 0.0537854
0 0.475301 0.292237 0.0472314 0.0475843
0 0.328131 0.374018 0.041215 0.0414202
0 0.613729 0.815209 0.0420811 0.0428688
0 0.175914 0.330825 0.0570351 0.0584213
0 0.617499 0.688587 0.0355705 0.0343727
0 0.860846 0.203401 0.0548319 0.0553698
0 0.489997 0.291343 0.0466705 0.048114
0 0.162314 0.330618 0.0557307 0.0582137
0 0.230367 0.354256 0.0639745 0.0630492
0 0.435147 0.22797 0.0515992 0.0506687
0 0.313098 0.488958 0.0479606 0.0485755
0 0.174479 0.686824 0.0377053 0.0387232
0 0.647424 0.292473 0.0600759 0.0613648
0 0.599346 0.816826 0.0426979 0.0430734
0 0.180193 0.51034 0.0362804 0.0382346
0 0.31167 0.3761 0.0470428 0.0508659
0 0.745907 0.282479 0.0599789 0.0598497
0 0.191554 0.427072 0.0742434 0.071852
0 0.261532 0.189989 0.0626482 0.0638429
0 0.18098 0.110727 0.0639118 0.0656809
0 0.739936 0.106634 0.0468027 0.0474652
0 0.630748 0.292616 0.0593408 0.0606258
0 0.274136 0.193147 0.0665257 0.0675625
0 0.177217 0.422747 0.0742707 0.0765487
0 0.865084 0.0862064 0.0782707 0.0772986
0 0.850353 0.635626 0.0369282 0.0371109
0 0.215303 0.353373 0.0618604 0.0618763
0 0.603195 0.690583 0.0343068 0.0338769
0 0.703287 0.977086 0.0679712 0.0426398
0 0.629937 0.0719905 0.062489 0.0630017
0 0.826476 0.0945978 0.0673803 0.0684955
0 0.165724 0.110649 0.0639679 0.0654975
0 0.907645 0.228316 0.0424149 0.042889
0 0.646302 0.0729469 0.0582871 0.056217
0 0.338931 0.204936 0.0603888 0.0638899
0 0.567791 0.173341 0.0317815 0.0327053
0 0.830926 0.190397 0.0606272 0.0594977
0 0.688929 0.285842 0.0605423 0.0605185
0 0.587004 0.0309379 0.057553 0.055093
0 0.58281 0.17338 0.0301224 0.0327658
0 0.115138 0.328174 0.0613614 0.0592133
0 0.846184 0.204357 0.053439 0.0549977
0 0.893112 0.227997 0.0437683 0.0441636
0 0.328482 0.202898 0.0602588 0.0620674
0 0.726095 0.10698 0.0490225 0.0485356
0 0.138931 0.139497 0.0420215 0.0418677
0 0.353559 0.980801 0.062943 0.0383989
0 0.692694 0.988051 0.0958864 0.0238977
0 0.768471 0.589964 0.0391933 0.0383893
0 0.81628 0.190719 0.0586615 0.0599195
0 0.338902 0.197485 0.0714269 0.0701565
