0 0.403226 0.649389 0.247282 0.24997
0 0.170455 0.791821 0.181398 0.182128
0 0.728134 0.270863 0.225929 0.224861
0 0.707834 0.93133 0.204469 0.13734
0 0.323679 0.92135 0.168673 0.157301
0 0.124097 0.55788 0.163665 0.16116
0 0.0542982 0.245554 0.108596 0.171619
0 0.834167 0.353365 0.133651 0.132571
0 0.288263 0.544188 0.137845 0.137081
0 0.735053 0.715615 0.164343 0.16475
0 0.484108 0.884911 0.137292 0.137233
0 0.564551 0.761216 0.139095 0.138395
0 0.0588935 0.419537 0.117787 0.147075
0 0.635558 0.105739 0.177626 0.181379
0 0.250394 0.107814 0.149116 0.147165
0 0.886587 0.748268 0.155266 0.159802
0 0.823255 0.594026 0.107441 0.106696
0 0.884717 0.603007 0.114975 0.115273
0 0.915524 0.750753 0.154515 0.157976
0 0.830805 0.465196 0.101969 0.102359
0 0.948828 0.474039 0.0992142 0.106041
0 0.949381 0.0412216 0.0959488 0.0824432
0 0.955905 0.0325214 0.0877903 0.0649369
0 0.969591 0.0327712 0.0600582 0.0655425
0 0.0347116 0.634568 0.0694231 0.165586
0 0.0350358 0.954434 0.0700715 0.0891485
0 0.0317282 0.0372322 0.0634564 0.0744644
0 0.957299 0.965992 0.0843315 0.0679424
0 0.50686 0.264105 0.0922915 0.0924699
0 0.93997 0.938308 0.120059 0.122649
0 0.964994 0.95472 0.0693375 0.0891469
0 0.0442458 0.0316763 0.0884915 0.063238
0 0.0573274 0.951492 0.114655 0.0959278
0 0.446844 0.185051 0.0864185 0.0862214
0 0.0511534 0.961876 0.101201 0.0759944
0 0.941836 0.964247 0.115911 0.0712889
0 0.431639 0.184016 0.0873869 0.0883325
0 0.946372 0.948561 0.10684 0.102879
0 0.03067 0.96353 0.0612546 0.0721446
0 0.0472936 0.043186 0.0943912 0.0863517
0 0.523192 0.0363493 0.0744406 0.0689312
0 0.490963 0.262172 0.0921194 0.0908355
0 0.289531 0.394243 0.071703 0.0725801
0 0.927073 0.95907 0.144365 0.0813238
0 0.948597 0.973089 0.102723 0.0538212
0 0.0421566 0.943107 0.0843133 0.113129
0 0.358216 0.326061 0.094381 0.0924845
0 0.506545 0.0364814 0.0743202 0.069505
0 0.0210675 0.813901 0.0421351 0.114742
0 0.0833843 0.952926 0.163169 0.0934902
0 0.274458 0.39203 0.0725636 0.0742315
0 0.0647803 0.938554 0.129561 0.121507
0 0.962205 0.940096 0.0750834 0.119808
0 0.0595926 0.974142 0.117862 0.0512891
0 0.0542797 0.0258382 0.104784 0.0516764
0 0.936253 0.977796 0.124748 0.0444073
0 0.960528 0.0613033 0.0781126 0.11951
0 0.965526 0.0416659 0.0689484 0.0805125
0 0.0304946 0.818849 0.0606848 0.133342
0 0.97413 0.109889 0.0515274 0.120368
0 0.909758 0.0610448 0.180246 0.12209
0 0.925815 0.974908 0.14837 0.050184
0 0.939372 0.0198026 0.121256 0.0394887
0 0.388869 0.027122 0.135786 0.0537202
0 0.512966 0.959593 0.221151 0.0808143
0 0.613241 0.960133 0.220343 0.0797342
0 0.931656 0.0447436 0.136679 0.0894872
0 0.910623 0.968909 0.171673 0.062085
0 0.531099 0.0243678 0.0926834 0.0487356
0 0.561423 0.960273 0.21845 0.0794549
0 0.409949 0.0201699 0.117165 0.0403397
0 0.509392 0.981312 0.1516 0.0373761
0 0.480134 0.0209501 0.126662 0.0419002
0 0.916835 0.948874 0.166329 0.102253
0 0.557569 0.980528 0.139209 0.0389432
0 0.524033 0.976151 0.165113 0.0476991
0 0.0386065 0.0562046 0.0765328 0.11182
