0 0.0832042 0.716264 0.166408 0.186164
0 0.916569 0.634213 0.166863 0.185607
0 0.883324 0.295617 0.141321 0.140649
0 0.663165 0.726996 0.135622 0.130472
0 0.387662 0.955486 0.227067 0.0889445
0 0.702105 0.529559 0.129981 0.131388
0 0.293656 0.580443 0.120804 0.119941
0 0.815052 0.897321 0.127914 0.12557
0 0.502819 0.788577 0.136794 0.133989
0 0.250191 0.679448 0.142202 0.141558
0 0.130945 0.432987 0.136943 0.13601
0 0.37329 0.549145 0.13064 0.129628
0 0.370664 0.174595 0.110274 0.113996
0 0.617042 0.966488 0.115139 0.0658988
0 0.484659 0.604794 0.124459 0.122133
0 0.596525 0.464964 0.123223 0.123837
0 0.426544 0.326409 0.110364 0.109216
0 0.196185 0.105639 0.142039 0.14065
0 0.303612 0.172005 0.124768 0.127233
0 0.606192 0.81814 0.0905806 0.0901919
0 0.489281 0.3842 0.0754013 0.0770232
0 0.95386 0.968727 0.091223 0.0625463
0 0.669283 0.0506728 0.0964508 0.0956926
0 0.0475548 0.95437 0.0951095 0.0912593
0 0.456478 0.728048 0.093116 0.0933409
0 0.919066 0.387891 0.0807384 0.082421
0 0.503313 0.384623 0.0767285 0.0754205
0 0.440901 0.725423 0.0883086 0.0872798
0 0.646115 0.194271 0.0530525 0.0534042
0 0.0356388 0.963459 0.0712777 0.0715263
0 0.545461 0.406805 0.0736286 0.0736626
0 0.771556 0.266075 0.0971775 0.0977078
0 0.559538 0.407155 0.0711121 0.0735114
0 0.595807 0.586983 0.0925939 0.0917709
0 0.720363 0.169404 0.0804688 0.0799808
0 0.705989 0.169657 0.0802073 0.0813032
0 0.969362 0.961383 0.0607395 0.0755892
0 0.631442 0.194609 0.0531288 0.0538833
0 0.946722 0.95375 0.1058 0.0925011
0 0.755296 0.650124 0.0562376 0.0538296
0 0.166949 0.398474 0.141652 0.135753
0 0.8056 0.810499 0.074369 0.0747075
0 0.818897 0.811505 0.075979 0.0771023
0 0.765433 0.747802 0.060808 0.0607647
0 0.752046 0.748282 0.06096 0.0610863
0 0.591959 0.821188 0.0898177 0.087845
0 0.905768 0.389521 0.0812599 0.0832888
0 0.0383784 0.972641 0.0767567 0.054719
0 0.740218 0.650666 0.0565252 0.0544426
0 0.934442 0.876986 0.131117 0.173984
0 0.586416 0.290886 0.0607151 0.0620478
0 0.938676 0.975668 0.117572 0.0486649
0 0.439112 0.893918 0.0631898 0.0618413
0 0.960817 0.956844 0.0771341 0.0848188
0 0.0587828 0.940322 0.116693 0.119336
0 0.529814 0.0413828 0.118863 0.0827656
0 0.560063 0.223653 0.0604898 0.0608828
0 0.840682 0.212086 0.0811234 0.081586
0 0.955628 0.062382 0.088744 0.118008
0 0.452305 0.892416 0.0630243 0.0631081
0 0.399451 0.0198454 0.0918082 0.0396908
0 0.809872 0.981147 0.17539 0.0377053
0 0.922787 0.958178 0.152403 0.0833654
0 0.522372 0.183954 0.053876 0.0534784
0 0.572852 0.290963 0.0626907 0.0629124
0 0.473388 0.0189802 0.0905136 0.0379605
0 0.281884 0.322456 0.0853538 0.0833146
0 0.600615 0.131302 0.0808876 0.0808306
0 0.926043 0.970062 0.147913 0.0598764
0 0.54379 0.224313 0.0601166 0.0599641
0 0.95845 0.942551 0.083099 0.114898
0 0.0351858 0.941052 0.0703716 0.116379
0 0.509731 0.185025 0.0543699 0.0521094
0 0.586636 0.128364 0.083692 0.0832726
0 0.785423 0.978054 0.167989 0.0438912
0 0.385623 0.0146388 0.0920186 0.0292174
0 0.464726 0.0122436 0.0652527 0.0244269
0 0.977796 0.955639 0.0444082 0.086495
0 0.267182 0.323682 0.0842592 0.0840647
0 0.02504 0.916148 0.05008 0.144186
0 0.930194 0.980298 0.139613 0.0393323
0 0.40378 0.0145445 0.0897484 0.029089
