0 0.91587 0.768179 0.142414 0.136745
0 0.481795 0.697933 0.16388 0.164261
0 0.693784 0.901597 0.168593 0.16548
0 0.747229 0.84429 0.140892 0.140173
0 0.0679854 0.907294 0.132802 0.149467
0 0.802243 0.648006 0.14364 0.141854
0 0.852369 0.941626 0.10457 0.100879
0 0.0395711 0.30941 0.0789695 0.102446
0 0.59026 0.645318 0.116009 0.119278
0 0.255214 0.703426 0.10991 0.111857
0 0.617629 0.525908 0.107364 0.111482
0 0.970023 0.502388 0.0599545 0.0989391
0 0.031208 0.601099 0.062198 0.110672
0 0.199247 0.477637 0.111188 0.112957
0 0.905532 0.979342 0.151116 0.0413164
0 0.579346 0.875857 0.101889 0.104602
0 0.230893 0.967147 0.132917 0.0657059
0 0.537662 0.366997 0.0593462 0.059287
0 0.339699 0.429669 0.0930523 0.0944431
0 0.700225 0.453228 0.0805991 0.0814165
0 0.496778 0.928028 0.0943209 0.0937462
0 0.523152 0.366733 0.0580382 0.0587236
0 0.263621 0.824506 0.0889115 0.0890869
0 0.903918 0.692936 0.0828644 0.0820571
0 0.0386869 0.972628 0.0765216 0.0540629
0 0.319594 0.631725 0.0827919 0.0835365
0 0.248517 0.822109 0.0884372 0.0879255
0 0.536023 0.572763 0.0760368 0.0772649
0 0.0291038 0.969844 0.0582077 0.0591675
0 0.712754 0.127835 0.0943336 0.0921159
0 0.294384 0.523858 0.0927493 0.0890699
0 0.672539 0.273125 0.0797871 0.0843849
0 0.323042 0.428207 0.0941059 0.0937168
0 0.296602 0.214791 0.102775 0.105397
0 0.684456 0.453591 0.0819214 0.0800514
0 0.869568 0.614836 0.0751625 0.0749577
0 0.85711 0.611799 0.0763201 0.0784592
0 0.54113 0.147798 0.0767879 0.0765697
0 0.879666 0.167742 0.0772076 0.0760697
0 0.677515 0.617463 0.06332 0.0638252
0 0.871315 0.426754 0.0782379 0.0761842
0 0.434 0.264165 0.0998645 0.0979981
0 0.0157453 0.439657 0.0311429 0.0609612
0 0.52279 0.572064 0.0782568 0.0782054
0 0.86364 0.167131 0.0781532 0.0771428
0 0.526888 0.148496 0.076549 0.0762795
0 0.66359 0.615679 0.0623014 0.0627424
0 0.305335 0.632326 0.0812272 0.0822275
0 0.378592 0.271149 0.0571996 0.0573758
0 0.856251 0.428648 0.0757652 0.0763953
0 0.784132 0.377949 0.101205 0.102733
0 0.957488 0.337441 0.0837055 0.0873202
0 0.00985159 0.439609 0.0197032 0.0606291
0 0.606804 0.132892 0.0659307 0.0647438
0 0.40255 0.815962 0.10587 0.108153
0 0.697809 0.130349 0.0940253 0.0945998
0 0.639731 0.279682 0.064893 0.0664655
0 0.786929 0.31746 0.0936901 0.0979036
0 0.222412 0.980098 0.123338 0.0398048
0 0.0417003 0.962913 0.0826766 0.0733766
0 0.979012 0.151831 0.041976 0.0953108
0 0.808545 0.496194 0.0722147 0.0749113
0 0.48184 0.92325 0.0897195 0.0912954
0 0.0520162 0.978159 0.0994576 0.0436818
0 0.19184 0.144368 0.0770569 0.079659
0 0.363181 0.976859 0.100968 0.0462826
0 0.248786 0.356779 0.0511521 0.0509018
0 0.363766 0.271328 0.0586227 0.0593333
0 0.389435 0.808155 0.115726 0.117257
0 0.528963 0.281339 0.0853817 0.0868337
0 0.447529 0.271008 0.103186 0.104056
0 0.173427 0.246233 0.0829046 0.0837435
0 0.659612 0.275692 0.084729 0.0844795
0 0.235386 0.256704 0.0592934 0.0597682
0 0.0638218 0.982335 0.12405 0.0353306
0 0.233621 0.357061 0.0513975 0.0526675
0 0.152755 0.912232 0.0595446 0.0603947
0 0.911973 0.521923 0.0482079 0.0490349
0 0.177098 0.143827 0.0757169 0.0797895
0 0.489849 0.349624 0.0547744 0.0549287
0 0.799574 0.0795456 0.0899515 0.0916265
0 0.591772 0.134168 0.0658295 0.0631128
0 0.0233165 0.593036 0.0465655 0.100252
0 0.974196 0.143139 0.0515955 0.0915887
0 0.221114 0.25718 0.0590232 0.0586854
