0 0.311476 0.670102 0.169332 0.166155
0 0.468328 0.633671 0.204584 0.207829
0 0.698403 0.696081 0.272801 0.27134
0 0.893616 0.615396 0.176838 0.171452
0 0.208142 0.853965 0.32189 0.282896
0 0.114946 0.895755 0.229891 0.208489
0 0.138637 0.863732 0.276041 0.272537
0 0.0748136 0.927259 0.14773 0.14472
0 0.0963236 0.916561 0.192334 0.165691
0 0.895553 0.892944 0.206731 0.214112
0 0.924549 0.9227 0.150902 0.153631
0 0.04176 0.965728 0.08352 0.068544
0 0.0630424 0.945027 0.126085 0.109705
0 0.864122 0.863742 0.26976 0.272517
0 0.803171 0.930699 0.254228 0.135387
0 0.0547909 0.960656 0.109582 0.0786874
0 0.454943 0.188135 0.145302 0.147407
0 0.830762 0.819739 0.338476 0.360522
0 0.190941 0.234327 0.17172 0.176773
0 0.1638 0.832407 0.326493 0.328917
0 0.716123 0.289988 0.155469 0.151025
0 0.950528 0.958488 0.0981016 0.0827909
0 0.799995 0.781144 0.400009 0.437712
0 0.356568 0.285126 0.121787 0.120408
0 0.958722 0.970018 0.0825563 0.0594012
0 0.576757 0.980648 0.128841 0.038261
0 0.443253 0.972612 0.118351 0.0547754
0 0.197043 0.792228 0.394086 0.415545
0 0.964607 0.952443 0.0695183 0.0946156
0 0.0838528 0.952627 0.165954 0.0947467
0 0.614657 0.486551 0.189401 0.193252
0 0.0849517 0.562435 0.169903 0.220574
0 0.945424 0.943654 0.109126 0.112693
0 0.0371245 0.952671 0.0742489 0.0922396
0 0.200147 0.883902 0.398867 0.232197
0 0.235255 0.830318 0.470509 0.339365
0 0.952269 0.927297 0.0954615 0.145406
0 0.619293 0.152265 0.155285 0.158272
0 0.0543016 0.97348 0.107091 0.0530238
0 0.943826 0.967945 0.11168 0.0641109
0 0.973529 0.0230083 0.051836 0.0453749
0 0.0694416 0.850411 0.137483 0.280567
0 0.240991 0.735049 0.481982 0.529902
0 0.0300333 0.0402773 0.0599829 0.0793177
0 0.919206 0.954137 0.161588 0.0917252
0 0.959198 0.0257978 0.080117 0.0515956
0 0.849713 0.233318 0.136105 0.137807
0 0.823697 0.902773 0.352605 0.194453
0 0.965647 0.037158 0.0687067 0.0741111
0 0.109699 0.935763 0.219399 0.128475
0 0.9006 0.943623 0.196815 0.112616
0 0.437664 0.979385 0.114829 0.0411349
0 0.888604 0.926568 0.222274 0.145658
0 0.0599407 0.54297 0.119881 0.206993
0 0.83517 0.364625 0.140548 0.140617
0 0.762579 0.734933 0.474843 0.530135
0 0.048569 0.0332318 0.0951896 0.0664418
0 0.0484523 0.906861 0.0969046 0.18029
0 0.969714 0.047599 0.0605726 0.0926474
0 0.0447769 0.0452907 0.0891607 0.0897792
0 0.967991 0.934965 0.062495 0.127544
0 0.777548 0.871496 0.433001 0.255834
