0 0.0421892 0.116259 0.0829459 0.0931649
0 0.697124 0.689995 0.0831622 0.0815386
0 0.0275729 0.588402 0.0548634 0.0974574
0 0.250362 0.239624 0.0811468 0.0808385
0 0.710495 0.188072 0.0843632 0.0843902
0 0.474634 0.380183 0.0775667 0.075673
0 0.0219422 0.391271 0.0438845 0.0622958
0 0.218494 0.66911 0.0923519 0.091109
0 0.037284 0.833672 0.0744765 0.0776797
0 0.145033 0.786098 0.0993528 0.096462
0 0.375623 0.579067 0.0864864 0.0871536
0 0.430974 0.559859 0.0569448 0.0573779
0 0.331329 0.195414 0.0959614 0.0944651
0 0.489753 0.380672 0.0772536 0.0770308
0 0.55499 0.140031 0.0660668 0.0663005
0 0.35613 0.476637 0.0635652 0.0635201
0 0.606501 0.347146 0.0754461 0.0764198
0 0.413575 0.820854 0.0670592 0.0668087
0 0.0879626 0.265011 0.0684453 0.0705681
0 0.135682 0.263794 0.0977256 0.0982015
0 0.473675 0.202956 0.0572658 0.0564052
0 0.234936 0.238097 0.0802959 0.0806022
0 0.675289 0.318721 0.0699869 0.0711877
0 0.412978 0.44317 0.0616556 0.0621972
0 0.427506 0.72923 0.0752405 0.0745612
0 0.418225 0.349628 0.0583612 0.0601428
0 0.540384 0.140633 0.0665867 0.0663997
0 0.421555 0.101478 0.101334 0.101153
0 0.695016 0.18757 0.0827266 0.0829493
0 0.101915 0.877384 0.0688229 0.0673874
0 0.630243 0.186224 0.0786787 0.0782464
0 0.303467 0.643064 0.0675323 0.0661975
0 0.0473666 0.68404 0.0902631 0.0934832
0 0.755772 0.352944 0.0842207 0.0851826
0 0.52666 0.761443 0.0628241 0.063394
0 0.827411 0.271453 0.0854736 0.086113
0 0.421503 0.639633 0.0708502 0.0697538
0 0.799604 0.790185 0.0826815 0.0827398
0 0.838555 0.487042 0.0710411 0.070352
0 0.57413 0.246654 0.0817896 0.0817791
0 0.24985 0.446785 0.0976175 0.0987181
0 0.416434 0.506015 0.0362309 0.0360554
0 0.301337 0.751672 0.0792307 0.0794085
0 0.46198 0.499179 0.0468388 0.0467358
0 0.095858 0.786844 0.0764501 0.0770236
0 0.0386727 0.95972 0.0646295 0.0663447
0 0.81731 0.578601 0.0796389 0.0761086
0 0.433505 0.349684 0.059639 0.0609522
0 0.445969 0.559777 0.0576755 0.0565261
0 0.341659 0.277637 0.0681259 0.0680916
0 0.239411 0.0931369 0.101584 0.100866
0 0.304275 0.575219 0.0530035 0.051683
0 0.506927 0.484645 0.0455807 0.0460341
0 0.559199 0.245143 0.0825889 0.0817303
0 0.493413 0.558343 0.0632185 0.0623294
0 0.546412 0.352592 0.048022 0.0481172
0 0.206878 0.338132 0.0833549 0.0846018
0 0.852345 0.487666 0.0721886 0.0702458
0 0.536332 0.661452 0.0762042 0.0751303
0 0.22191 0.33811 0.0846236 0.0846687
0 0.48404 0.852223 0.0929247 0.0943202
0 0.365241 0.687673 0.0842887 0.0841894
0 0.435833 0.640778 0.0691986 0.0711039
0 0.327618 0.422905 0.0479701 0.0475248
0 0.232431 0.560641 0.0695415 0.0698394
0 0.382253 0.403433 0.053017 0.0521573
0 0.36085 0.577644 0.0881364 0.0881002
0 0.645725 0.584584 0.0733873 0.073054
0 0.446775 0.499248 0.0463558 0.0469903
0 0.428132 0.44327 0.0624876 0.0621415
0 0.481665 0.110051 0.0680486 0.0690821
0 0.36727 0.403208 0.0532653 0.0526672
0 0.773535 0.0403379 0.0880442 0.0806759
0 0.584664 0.0773421 0.0899996 0.0919302
0 0.532662 0.352183 0.0485314 0.0494186
0 0.313053 0.422672 0.0485064 0.0479822
0 0.177221 0.579089 0.0629192 0.0631811
0 0.497946 0.108522 0.0684742 0.0698145
0 0.28053 0.0467399 0.0845271 0.0829244
0 0.286672 0.751848 0.0776749 0.0787176
0 0.296476 0.0467531 0.083005 0.0831174
0 0.162514 0.579211 0.0623922 0.0618186
0 0.593224 0.708922 0.0720507 0.0715497
0 0.615507 0.186093 0.0793816 0.0780647
0 0.13711 0.148652 0.055161 0.0555706
0 0.700407 0.429407 0.0644179 0.0632997
0 0.370051 0.476656 0.0639463 0.06287
0 0.501193 0.853652 0.0932659 0.0943757
0 0.461907 0.309423 0.048896 0.0506996
0 0.281881 0.367842 0.0535681 0.0538578
0 0.48813 0.623202 0.0477978 0.0482193
0 0.107334 0.575739 0.0903903 0.091053
0 0.507109 0.558599 0.0634846 0.0638407
0 0.246268 0.560863 0.0708929 0.0718202
0 0.661545 0.319129 0.070542 0.0696257
0 0.124414 0.381584 0.0844224 0.0842867
0 0.607422 0.709056 0.072228 0.0715421
0 0.619274 0.263825 0.0431123 0.0438538
0 0.179736 0.864208 0.0774517 0.0774596
0 0.161858 0.784661 0.0985183 0.0977051
0 0.32687 0.277913 0.0671179 0.0679665
0 0.41267 0.729269 0.0729394 0.0735825
0 0.288356 0.643215 0.0661515 0.0656342
0 0.296789 0.367679 0.05429 0.0532141
0 0.699721 0.10085 0.0580586 0.0583508
0 0.583045 0.633252 0.0430966 0.0438976
0 0.459486 0.203593 0.0567638 0.0570415
0 0.514453 0.284995 0.0427317 0.0427329
0 0.563432 0.40545 0.0559596 0.0557578
0 0.351688 0.689288 0.0826802 0.0815015
0 0.737329 0.498096 0.05114 0.0503836
0 0.463778 0.446515 0.0391464 0.0381659
0 0.819372 0.646862 0.0701043 0.070155
0 0.394848 0.277331 0.068673 0.0687435
0 0.409444 0.27698 0.0682386 0.0693154
0 0.207143 0.213617 0.0404114 0.0398543
0 0.592416 0.347191 0.074987 0.0750603
0 0.521778 0.661522 0.0741238 0.0738241
0 0.0860236 0.878202 0.068382 0.0686709
0 0.0805606 0.787782 0.0760097 0.076708
0 0.542226 0.762078 0.0623524 0.0624374
0 0.756862 0.0404964 0.0879008 0.0809928
0 0.188587 0.449235 0.046668 0.0459244
0 0.370014 0.326171 0.0411151 0.0411983
0 0.289309 0.575823 0.0528803 0.0515996
0 0.398816 0.820936 0.0677321 0.066935
0 0.446249 0.308743 0.0486189 0.0501772
0 0.65975 0.584654 0.0735909 0.072739
0 0.614252 0.516211 0.0468013 0.0470498
0 0.678173 0.236674 0.0442785 0.043719
0 0.139487 0.381864 0.0851626 0.0847115
0 0.825915 0.128632 0.0746449 0.0734798
0 0.473227 0.623459 0.0477905 0.0475204
0 0.477309 0.445671 0.0395304 0.0384155
0 0.345119 0.370226 0.0394406 0.0396985
0 0.723006 0.497886 0.0516745 0.0503001
0 0.690082 0.795513 0.087328 0.0874277
0 0.686422 0.429735 0.0624558 0.0628321
0 0.38391 0.325994 0.0412061 0.0408918
0 0.132505 0.494049 0.0595128 0.0583867
0 0.545497 0.458144 0.0408082 0.0400169
0 0.400727 0.505888 0.0366924 0.0364599
0 0.54832 0.405211 0.0565491 0.0564991
0 0.409806 0.943621 0.087449 0.0890198
0 0.0743198 0.26497 0.0699591 0.0705782
0 0.0734061 0.361341 0.0740117 0.073512
0 0.406209 0.173891 0.0448125 0.0438663
0 0.674437 0.794739 0.0870733 0.0863038
0 0.618299 0.417901 0.05693 0.0572553
0 0.139251 0.0379776 0.0998907 0.0759552
0 0.147322 0.494376 0.0597531 0.0587254
0 0.330353 0.370015 0.0381516 0.0386846
0 0.351954 0.109284 0.0451958 0.0444789
0 0.480107 0.259197 0.0394421 0.0399831
0 0.164213 0.86357 0.0777279 0.0787389
0 0.814131 0.273614 0.084293 0.0829481
0 0.193659 0.508942 0.0463281 0.0455169
0 0.597603 0.633553 0.0431744 0.043337
0 0.604791 0.26438 0.0432516 0.0438877
0 0.794572 0.228031 0.0716298 0.0706848
0 0.689503 0.376282 0.0561023 0.0568383
0 0.492394 0.484479 0.0464444 0.045915
0 0.394826 0.943026 0.0857203 0.0865069
0 0.812005 0.126995 0.0758444 0.0755533
0 0.0273258 0.960164 0.0545726 0.0651594
0 0.947905 0.559392 0.0623394 0.0643639
0 0.675607 0.377048 0.0573997 0.0569788
0 0.248117 0.74426 0.0393364 0.0391652
0 0.12258 0.148543 0.0547098 0.0552234
0 0.209574 0.509742 0.0458381 0.0465546
0 0.305197 0.474324 0.0326515 0.0334394
0 0.780039 0.228329 0.0719174 0.071075
0 0.352896 0.784549 0.0622587 0.0629036
0 0.603928 0.418186 0.0560411 0.0565605
0 0.0149304 0.391805 0.0298032 0.062223
0 0.233294 0.743784 0.0398168 0.0396267
0 0.558911 0.458362 0.0407795 0.0397932
0 0.668189 0.0557743 0.0610273 0.0602434
0 0.0870501 0.361441 0.0735485 0.073461
0 0.209552 0.980395 0.0989865 0.0392097
0 0.369756 0.782594 0.0619259 0.0621188
0 0.174089 0.449283 0.0468532 0.0469779
0 0.723624 0.559814 0.0588087 0.0565267
0 0.49985 0.285429 0.04172 0.04286
0 0.389935 0.174909 0.0447379 0.0441573
0 0.798959 0.447787 0.0616653 0.0618383
0 0.784464 0.448377 0.0627991 0.0629946
0 0.73717 0.559487 0.0580339 0.0568799
0 0.549083 0.524154 0.0564759 0.0568513
0 0.884973 0.796562 0.0565186 0.0570325
0 0.685347 0.101433 0.0572203 0.058244
0 0.664061 0.236042 0.0442385 0.0434183
0 0.53469 0.524521 0.0571212 0.0576024
0 0.466006 0.258847 0.04079 0.0412297
0 0.191876 0.213563 0.0408221 0.0408071
0 0.318384 0.474641 0.0323291 0.0352531
0 0.362972 0.882685 0.0485489 0.0482877
0 0.900803 0.635895 0.0691414 0.0687663
0 0.328633 0.523316 0.0418665 0.0402933
0 0.336729 0.108634 0.0463118 0.0463603
0 0.120185 0.456435 0.042732 0.0422964
0 0.654118 0.0539543 0.0621733 0.0636332
0 0.577413 0.573071 0.0431088 0.0421229
0 0.22314 0.0924232 0.100784 0.0969971
0 0.737961 0.927528 0.0738966 0.0755835
0 0.72408 0.926223 0.0755 0.0745016
0 0.457856 0.0418293 0.0472155 0.0486447
0 0.901168 0.706859 0.0740681 0.0759318
0 0.800188 0.508139 0.0522402 0.0530441
0 0.841989 0.330109 0.0413664 0.0420564
0 0.509255 0.0191741 0.0562668 0.0381691
0 0.346876 0.882355 0.0491586 0.048888
0 0.442338 0.0426767 0.0469656 0.0470223
0 0.0913206 0.575121 0.0921988 0.0911698
0 0.653508 0.940017 0.0555891 0.0532565
0 0.465107 0.68122 0.0383909 0.0375635
0 0.276439 0.802275 0.0568974 0.056601
0 0.104213 0.456467 0.0424756 0.0419237
0 0.779954 0.874061 0.0487667 0.0478119
0 0.494159 0.0193898 0.0577032 0.0387084
0 0.70758 0.625802 0.0652617 0.0640486
0 0.789898 0.508625 0.0536209 0.0533045
0 0.314836 0.522646 0.0403772 0.040797
0 0.638786 0.940197 0.0536741 0.0537173
0 0.600713 0.51644 0.0470051 0.0460606
0 0.794375 0.873871 0.0485893 0.0482147
0 0.721362 0.626016 0.0644006 0.0625122
0 0.485754 0.68511 0.0376123 0.0395053
0 0.481239 0.681307 0.0359653 0.0373627
0 0.606667 0.909319 0.0363518 0.0377705
0 0.89825 0.795763 0.0576893 0.059494
0 0.622702 0.516183 0.0472427 0.0462796
0 0.26078 0.802184 0.0561572 0.0569937
0 0.83051 0.329485 0.041337 0.0422747
0 0.0193572 0.190302 0.0386407 0.0542563
0 0.953531 0.474438 0.0912994 0.0975662
0 0.562956 0.573293 0.0416597 0.0433398
0 0.937297 0.559416 0.0635607 0.0627144
0 0.575888 0.475547 0.0400686 0.0417511
0 0.622017 0.908883 0.036356 0.0374802
0 0.787751 0.685988 0.0412489 0.0418437
0 0.0125433 0.190257 0.0250629 0.0543996
0 0.726854 0.272671 0.0478293 0.0481378
0 0.573239 0.765149 0.0402172 0.0406377
0 0.602672 0.818879 0.0553883 0.054045
0 0.632434 0.844398 0.0673286 0.0655759
0 0.772475 0.685957 0.043609 0.0424398
0 0.565793 0.474865 0.0417205 0.045167
0 0.321789 0.861804 0.0577659 0.0582059
0 0.612131 0.983753 0.0565125 0.032444
0 0.55279 0.588151 0.0371348 0.0388602
0 0.371979 0.254899 0.0348871 0.0349525
0 0.38467 0.254106 0.0379246 0.0358453
0 0.590893 0.817566 0.0497723 0.0517733
0 0.713238 0.272528 0.0483603 0.0497973
0 0.626348 0.984894 0.0570969 0.0300163
0 0.123129 0.0385304 0.0943613 0.0770608
0 0.892236 0.427955 0.033762 0.0320898
0 0.305852 0.862326 0.0607657 0.0594814
0 0.822375 0.38102 0.0318218 0.031922
0 0.558771 0.765849 0.0404375 0.0461202
0 0.830956 0.380193 0.0331202 0.0321283
0 0.645984 0.845516 0.0691366 0.0634613
0 0.483646 0.981279 0.0953722 0.0374416
0 0.0801278 0.983833 0.0400807 0.031573
0 0.221248 0.986089 0.0998049 0.0278215
0 0.439921 0.250214 0.0398019 0.0402109
0 0.959136 0.55993 0.069033 0.066655
0 0.537357 0.587669 0.0355321 0.0367106
