0 0.230326 0.870937 0.0854298 0.0861808
0 0.12014 0.922737 0.0926008 0.0948392
0 0.252994 0.974939 0.0805745 0.0496793
0 0.616399 0.562782 0.0552931 0.0557589
0 0.585633 0.622731 0.0724415 0.0711221
0 0.570155 0.977229 0.0583992 0.045542
0 0.606989 0.433349 0.055719 0.0562856
0 0.0721602 0.720094 0.0816457 0.0827642
0 0.537579 0.392532 0.0709763 0.0700063
0 0.598958 0.70136 0.0794769 0.0801366
0 0.514432 0.828587 0.0565983 0.0566875
0 0.383808 0.912493 0.084375 0.0848732
0 0.364783 0.809012 0.0864439 0.0865181
0 0.608918 0.304452 0.070191 0.0701222
0 0.666214 0.401681 0.0476479 0.0474303
0 0.948271 0.8244 0.0700237 0.0701737
0 0.520971 0.477522 0.064636 0.0646366
0 0.707892 0.82258 0.0504395 0.0505262
0 0.416376 0.627984 0.0510328 0.0527934
0 0.559471 0.794356 0.0423948 0.0410217
0 0.66159 0.725871 0.0843748 0.081818
0 0.306764 0.834658 0.0495435 0.0501562
0 0.293095 0.834459 0.0496688 0.049896
0 0.53715 0.217961 0.0559685 0.056636
0 0.652773 0.401495 0.0473284 0.0476008
0 0.906841 0.743633 0.0744389 0.0733149
0 0.607305 0.907408 0.0814417 0.0830382
0 0.757092 0.593326 0.0868753 0.0862679
0 0.710234 0.269808 0.0726737 0.0757394
0 0.748274 0.977213 0.0822339 0.0454043
0 0.23996 0.292336 0.069866 0.0694822
0 0.555486 0.977245 0.0580547 0.0455104
0 0.637971 0.982158 0.0789846 0.0356847
0 0.52122 0.770443 0.0674929 0.0690125
0 0.422158 0.234374 0.0672639 0.0680051
0 0.695324 0.822941 0.0504599 0.0510737
0 0.797437 0.7783 0.0693373 0.0711093
0 0.783093 0.535943 0.0773341 0.0767114
0 0.698802 0.517322 0.0758328 0.0772352
0 0.783022 0.778042 0.0709236 0.0713661
0 0.397437 0.733459 0.05571 0.0561971
0 0.471564 0.902978 0.0626474 0.0628881
0 0.405171 0.514371 0.0551845 0.0538282
0 0.281191 0.49808 0.0553017 0.055304
0 0.602969 0.562849 0.0551247 0.0554273
0 0.226066 0.292166 0.0685107 0.0701972
0 0.483583 0.23003 0.0542892 0.0534865
0 0.476929 0.477561 0.0758495 0.0746513
0 0.350046 0.80844 0.0853275 0.0855006
0 0.550556 0.393857 0.070688 0.0727275
0 0.853594 0.96126 0.0711723 0.072334
0 0.647356 0.857815 0.0442995 0.0456177
0 0.696057 0.270804 0.0739992 0.0739349
0 0.347335 0.70156 0.0462493 0.0463661
0 0.622127 0.304347 0.0700321 0.0715569
0 0.661504 0.85806 0.0448281 0.044885
0 0.462697 0.477546 0.074382 0.0754946
0 0.49155 0.612746 0.0527176 0.0527018
0 0.836081 0.760843 0.0648499 0.0639064
0 0.164331 0.416145 0.0788027 0.0786923
0 0.592995 0.433472 0.056292 0.056448
0 0.215995 0.455038 0.064203 0.0628641
0 0.332578 0.701513 0.0469311 0.0463319
0 0.485985 0.90292 0.0632551 0.0639603
0 0.419596 0.514115 0.05418 0.054056
0 0.621129 0.908113 0.0822494 0.0815114
0 0.318459 0.407788 0.0783021 0.0798237
0 0.344917 0.656096 0.0654063 0.0677523
0 0.866919 0.961729 0.0735565 0.0738463
0 0.506997 0.771008 0.0678724 0.0700017
0 0.523586 0.216538 0.0544168 0.0579614
0 0.928217 0.491307 0.0825455 0.082685
0 0.684869 0.612847 0.0376991 0.0377491
0 0.463955 0.744273 0.0506798 0.0509611
0 0.846929 0.54765 0.0451496 0.0461777
0 0.832872 0.547756 0.0463167 0.0464872
0 0.762731 0.26744 0.0737009 0.0746298
0 0.201448 0.45461 0.0635948 0.0629077
0 0.500269 0.828426 0.0563272 0.0564924
0 0.505873 0.47669 0.0648149 0.0667615
0 0.167205 0.785427 0.0540385 0.0539063
0 0.140046 0.637985 0.0691637 0.0700429
0 0.411281 0.733449 0.055589 0.0571433
0 0.668153 0.812826 0.0384188 0.0383375
0 0.769675 0.53494 0.0785677 0.0776476
0 0.655129 0.813212 0.0391186 0.0401985
0 0.407658 0.235385 0.0683794 0.0674529
0 0.487157 0.355989 0.0593748 0.0594738
0 0.266808 0.498169 0.0562206 0.0561712
0 0.477901 0.612612 0.0538749 0.0528768
0 0.181901 0.785831 0.0528846 0.0538333
0 0.330513 0.656109 0.0671385 0.0681681
0 0.149216 0.416369 0.0774094 0.077786
0 0.469165 0.230319 0.053376 0.0533424
0 0.684541 0.516829 0.077042 0.0779205
0 0.290018 0.606519 0.0502419 0.0505595
0 0.0981451 0.44546 0.059334 0.0577468
0 0.0970241 0.787271 0.0594945 0.0594421
0 0.735367 0.978386 0.0816095 0.0432288
0 0.0184698 0.450291 0.0368151 0.0794438
0 0.829001 0.39168 0.0702781 0.0710055
0 0.740098 0.748455 0.0403149 0.0396703
0 0.320808 0.298842 0.0499021 0.0501188
0 0.111565 0.787282 0.0577917 0.059486
0 0.91465 0.492517 0.0824947 0.081491
0 0.572704 0.622722 0.0685229 0.0703552
0 0.473164 0.355464 0.0599631 0.0601114
0 0.401515 0.628289 0.0512571 0.0511799
0 0.819115 0.845391 0.0429871 0.0437838
0 0.0278993 0.345118 0.0556979 0.077349
0 0.449 0.323758 0.0470346 0.0467136
0 0.124757 0.637474 0.0692821 0.0687253
0 0.303917 0.407214 0.0767848 0.078383
0 0.805653 0.845458 0.0427073 0.0429395
0 0.545857 0.794683 0.0410906 0.0418298
0 0.783647 0.709123 0.0586472 0.0594324
0 0.257469 0.227181 0.0438213 0.0437078
0 0.296169 0.250042 0.0551026 0.0560026
0 0.310369 0.249362 0.0546134 0.0555805
0 0.177351 0.944721 0.0430361 0.0441004
0 0.276896 0.606273 0.050384 0.0503306
0 0.585294 0.700396 0.0784327 0.0808065
0 0.182947 0.369284 0.0641468 0.0645835
0 0.303945 0.571345 0.0626492 0.0638331
0 0.450437 0.744202 0.0496996 0.0503916
0 0.316767 0.57086 0.0638605 0.0655233
0 0.748868 0.266879 0.0721645 0.0736696
0 0.191215 0.944293 0.0429094 0.0431264
0 0.814068 0.392226 0.0718693 0.0704839
0 0.27083 0.227814 0.0426764 0.0423324
0 0.306928 0.299887 0.0501837 0.0506672
0 0.629168 0.214184 0.0647763 0.0653283
0 0.195622 0.733286 0.0387578 0.0384766
0 0.578965 0.411669 0.0408041 0.0421759
0 0.72659 0.748047 0.0396457 0.0399971
0 0.431494 0.38083 0.0630825 0.0616861
0 0.316991 0.462283 0.0545828 0.0548303
0 0.39114 0.255558 0.0456812 0.0464401
0 0.614954 0.214291 0.0652912 0.0669165
0 0.462491 0.322547 0.0475231 0.0475074
0 0.0843847 0.44531 0.0580213 0.0574834
0 0.106847 0.322838 0.063734 0.0641605
0 0.824734 0.7599 0.0644966 0.0646114
0 0.244479 0.369865 0.0500941 0.0521043
0 0.417211 0.380854 0.0635094 0.0620082
0 0.733091 0.456487 0.0690363 0.0696476
0 0.93662 0.825553 0.0695183 0.0688919
0 0.628235 0.984516 0.080267 0.0309682
0 0.971039 0.731662 0.0552601 0.0552533
0 0.337515 0.23278 0.0546019 0.054373
0 0.351333 0.232826 0.0551193 0.0555415
0 0.718047 0.456703 0.0701769 0.0708127
0 0.686572 0.163059 0.0585169 0.0577302
0 0.209821 0.733166 0.0370824 0.0386611
0 0.738032 0.689232 0.0477568 0.0476598
0 0.882435 0.860982 0.0465164 0.0463061
0 0.377594 0.255423 0.0458863 0.0467594
0 0.09172 0.322711 0.0648479 0.0648776
0 0.211215 0.337226 0.0633778 0.0620229
0 0.894024 0.744318 0.0742447 0.0731345
0 0.505215 0.300323 0.0567314 0.0577025
0 0.393955 0.436685 0.0630153 0.0624695
0 0.169148 0.369848 0.0630828 0.0642052
0 0.525637 0.129619 0.0469234 0.0457529
0 0.575103 0.0364192 0.0598157 0.0620135
0 0.897872 0.650591 0.0697578 0.071773
0 0.752329 0.689038 0.0465326 0.0468646
0 0.355706 0.557224 0.0521646 0.0553139
0 0.564657 0.40963 0.0417326 0.0424974
0 0.243165 0.730289 0.0311924 0.0327407
0 0.56083 0.0366908 0.0596071 0.0638277
0 0.67242 0.162523 0.057785 0.0578529
0 0.868591 0.860981 0.0465401 0.046686
0 0.947978 0.905571 0.0453373 0.0451772
0 0.633022 0.286218 0.0524256 0.0471921
0 0.95951 0.732312 0.0532135 0.0542478
0 0.301162 0.4627 0.0554205 0.055415
0 0.38208 0.437748 0.0628664 0.0576945
0 0.5091 0.945481 0.0390714 0.0372846
0 0.215978 0.87149 0.0855631 0.0886636
0 0.229462 0.370025 0.0525562 0.0524726
0 0.491555 0.300091 0.0587086 0.058322
0 0.100562 0.26076 0.0419191 0.0430799
0 0.524202 0.945308 0.0399076 0.0371882
0 0.196871 0.336016 0.0602694 0.0594228
0 0.511437 0.129209 0.0457296 0.0461012
0 0.574618 0.756326 0.0365919 0.0355443
0 0.426804 0.955559 0.0330357 0.0315453
0 0.96141 0.905189 0.047728 0.0468278
0 0.239159 0.974773 0.0795262 0.0504548
0 0.833473 0.650792 0.0440113 0.0446112
0 0.554856 0.626501 0.0358866 0.0403355
0 0.67119 0.614333 0.0372687 0.038619
0 0.64856 0.285182 0.0470213 0.0481981
0 0.413526 0.956064 0.03314 0.0306405
0 0.7717 0.709509 0.0594773 0.0591227
0 0.107019 0.187063 0.0543806 0.0556064
0 0.229206 0.730667 0.0328232 0.0323469
0 0.474494 0.0902264 0.0566362 0.0570761
0 0.414265 0.436558 0.0599449 0.0614009
0 0.847314 0.650455 0.0434486 0.0436939
0 0.53178 0.911675 0.0355181 0.0365476
0 0.890689 0.417787 0.0553993 0.0547099
0 0.517571 0.912198 0.0349928 0.0357365
0 0.123026 0.189239 0.0532817 0.0543762
0 0.209148 0.186149 0.0486382 0.0473025
0 0.0860727 0.261963 0.0407408 0.0421986
0 0.340767 0.557535 0.0560817 0.0554593
0 0.876857 0.417879 0.0559071 0.0547356
0 0.804621 0.62401 0.0435097 0.0431711
0 0.518636 0.196704 0.0449564 0.0468244
0 0.561646 0.756485 0.036639 0.0358574
0 0.459903 0.0911271 0.0564844 0.0556387
0 0.404985 0.13299 0.05248 0.0516648
0 0.217855 0.185581 0.0486623 0.0487127
0 0.530877 0.601007 0.0305143 0.0325794
0 0.208532 0.817108 0.0324216 0.0328471
0 0.884401 0.648218 0.0713665 0.072407
0 0.455222 0.211151 0.0453086 0.0476572
0 0.89289 0.663452 0.0498562 0.0502141
0 0.790653 0.622919 0.04375 0.0443298
0 0.517486 0.599366 0.0319037 0.0320122
0 0.189151 0.497698 0.037239 0.0370085
0 0.865393 0.482032 0.0301266 0.0306323
0 0.390037 0.132626 0.0509915 0.0517199
0 0.400593 0.441746 0.0579759 0.0559773
0 0.438692 0.211755 0.0462852 0.0438917
0 0.111246 0.395886 0.0553171 0.0559483
0 0.201556 0.185262 0.0485133 0.0500156
0 0.617502 0.110464 0.0360363 0.035841
0 0.685472 0.0619962 0.0560566 0.0541199
0 0.175655 0.496984 0.0369269 0.0370352
0 0.505177 0.197489 0.0476907 0.0470149
0 0.22161 0.81795 0.0324057 0.032562
0 0.12397 0.396289 0.0561834 0.0573835
0 0.297363 0.153566 0.0375639 0.0379697
0 0.878507 0.666605 0.045813 0.0453677
0 0.27341 0.199364 0.0409017 0.0407411
0 0.407269 0.992726 0.0818468 0.0145479
0 0.172152 0.195189 0.0456002 0.0448873
0 0.564252 0.551438 0.0492831 0.0487453
0 0.671511 0.0639056 0.0532665 0.052385
0 0.28379 0.153645 0.0385431 0.0380552
0 0.540363 0.62772 0.0352573 0.0372195
0 0.0116972 0.44787 0.0233943 0.0774309
0 0.580849 0.228681 0.0328282 0.0329976
0 0.333446 0.171548 0.0394764 0.0376229
0 0.388599 0.622005 0.0329752 0.0346822
0 0.256713 0.199508 0.0404543 0.0426984
0 0.290448 0.333223 0.0359338 0.0383383
0 0.361005 0.553575 0.0696583 0.0689378
0 0.851641 0.827726 0.0375067 0.0388372
0 0.533197 0.0454016 0.0386577 0.0401894
0 0.54709 0.55192 0.0533726 0.0524432
0 0.31937 0.172506 0.0391547 0.0387405
0 0.277089 0.335486 0.035708 0.0373074
