0 0.946103 0.609549 0.0931099 0.0931966
0 0.380445 0.906696 0.0963033 0.0961831
0 0.0923096 0.815052 0.0863667 0.0867427
0 0.347921 0.716646 0.0974056 0.099276
0 0.573171 0.50928 0.0850474 0.084457
0 0.820371 0.855203 0.0970551 0.0964328
0 0.536715 0.420335 0.084036 0.0839792
0 0.527063 0.580964 0.080479 0.0812851
0 0.462426 0.337779 0.0835953 0.0834042
0 0.417267 0.250844 0.0716292 0.0732486
0 0.856018 0.423319 0.0926308 0.0926622
0 0.526837 0.230389 0.0837371 0.0845457
0 0.903751 0.72523 0.0728445 0.0726955
0 0.386902 0.331666 0.0870088 0.0863138
0 0.312165 0.170532 0.0924892 0.0937304
0 0.648668 0.326775 0.0871308 0.0870421
0 0.658611 0.549504 0.0818592 0.0830427
0 0.449621 0.538645 0.0707864 0.0714474
0 0.480171 0.885494 0.0771057 0.0775925
0 0.761903 0.748146 0.0752605 0.0746079
0 0.59696 0.226027 0.0856134 0.0874707
0 0.477464 0.339388 0.0840121 0.0859645
0 0.72758 0.369137 0.0608721 0.0598915
0 0.513405 0.580422 0.0793928 0.0801198
0 0.577608 0.13377 0.079562 0.0806696
0 0.698619 0.774904 0.0735049 0.0728742
0 0.446935 0.968385 0.0847769 0.0632296
0 0.954062 0.681488 0.0655457 0.0652776
0 0.114196 0.164264 0.0676054 0.0684888
0 0.24119 0.280896 0.0823543 0.0843728
0 0.436996 0.712119 0.0962968 0.0963318
0 0.316458 0.34266 0.0743684 0.0728945
0 0.51868 0.49392 0.0528992 0.0527743
0 0.255117 0.279706 0.0840484 0.0850741
0 0.893276 0.913592 0.0865734 0.0884366
0 0.319089 0.42152 0.0961782 0.0968381
0 0.685337 0.659091 0.0872244 0.0874029
0 0.526841 0.97608 0.0767117 0.0478394
0 0.750788 0.465625 0.085663 0.0844255
0 0.463241 0.538692 0.0717997 0.0714872
0 0.512304 0.230852 0.0832796 0.0825397
0 0.16097 0.455582 0.0846999 0.0833897
0 0.459039 0.617658 0.0454424 0.0468857
0 0.0955192 0.401795 0.0756903 0.076305
0 0.459257 0.151136 0.0651276 0.0648362
0 0.593626 0.627686 0.0947046 0.0951088
0 0.19012 0.186055 0.0606967 0.059608
0 0.611346 0.227053 0.0860559 0.0866602
0 0.240937 0.527532 0.0686455 0.0684169
0 0.586883 0.362844 0.0536553 0.0548691
0 0.644141 0.549777 0.0798861 0.0823169
0 0.574191 0.789176 0.0526131 0.0531478
0 0.522016 0.420162 0.0821882 0.0836855
0 0.0888661 0.246276 0.0855532 0.086272
0 0.747912 0.747302 0.0763954 0.0757584
0 0.505682 0.652078 0.0388973 0.0400177
0 0.822542 0.636731 0.0766476 0.0756821
0 0.560312 0.788951 0.0521985 0.0529704
0 0.46613 0.885649 0.0760688 0.0773988
0 0.510796 0.795992 0.0835865 0.0832415
0 0.565889 0.705223 0.0464485 0.0476453
0 0.608957 0.905193 0.0647055 0.0647458
0 0.223002 0.782127 0.0715745 0.0732079
0 0.737513 0.290324 0.0620193 0.0617348
0 0.852352 0.338405 0.0631207 0.0623221
0 0.402822 0.251085 0.0704957 0.0719163
0 0.495842 0.796131 0.0852304 0.0836093
0 0.71412 0.369723 0.060947 0.0600657
0 0.444332 0.150383 0.0655046 0.0652547
0 0.226554 0.526962 0.0679621 0.0680946
0 0.473894 0.61798 0.0455368 0.0471994
0 0.551178 0.705353 0.046921 0.0485484
0 0.748296 0.104756 0.0586059 0.0590833
0 0.504782 0.494486 0.052356 0.0524073
0 0.427807 0.599867 0.0446096 0.0449359
0 0.391981 0.119656 0.0872214 0.0875138
0 0.616933 0.742275 0.0791679 0.079452
0 0.186834 0.771689 0.0712361 0.0722664
0 0.653117 0.0619495 0.0943298 0.0952645
0 0.684951 0.774352 0.0720336 0.0725512
0 0.594802 0.904839 0.0646111 0.0647008
0 0.369214 0.619895 0.0492197 0.0485686
0 0.717937 0.175355 0.0433481 0.0424729
0 0.572662 0.362763 0.054561 0.054363
0 0.431384 0.968239 0.0840769 0.0635216
0 0.505696 0.104226 0.078665 0.0786873
0 0.507437 0.707226 0.0441303 0.0441134
0 0.235158 0.119027 0.0447094 0.0452552
0 0.631006 0.741341 0.0793123 0.0785634
0 0.0330902 0.358376 0.0647898 0.0660365
0 0.175382 0.185634 0.0601411 0.0600402
0 0.906875 0.511915 0.0678427 0.064234
0 0.67041 0.658838 0.0860866 0.0863508
0 0.237166 0.782885 0.0716217 0.0715441
0 0.154492 0.104725 0.0560784 0.0571116
0 0.220373 0.118972 0.0452941 0.0457099
0 0.476162 0.441723 0.0496537 0.0499046
0 0.491614 0.104117 0.077043 0.0785103
0 0.270695 0.455634 0.0613945 0.0615536
0 0.643276 0.846606 0.0752262 0.0751465
0 0.372257 0.330214 0.0851925 0.0858855
0 0.255413 0.455724 0.062007 0.0629226
0 0.543376 0.325103 0.046623 0.0461177
0 0.521178 0.706988 0.0430384 0.0435233
0 0.563399 0.133628 0.0798102 0.0806989
0 0.629712 0.846603 0.074969 0.0748093
0 0.753543 0.972461 0.0736761 0.055078
0 0.301232 0.342826 0.0732306 0.0729062
0 0.234644 0.595998 0.0426916 0.042509
0 0.820538 0.277999 0.0655615 0.0641225
0 0.511601 0.977189 0.0789839 0.0456211
0 0.855432 0.51888 0.0746197 0.0752213
0 0.355215 0.619673 0.0500851 0.0496904
0 0.140884 0.103457 0.0572963 0.0579517
0 0.838744 0.339334 0.0622684 0.0616795
0 0.806042 0.278134 0.0666611 0.0658084
0 0.19677 0.370571 0.0571666 0.0580708
0 0.808282 0.636814 0.0755507 0.075256
0 0.761959 0.105161 0.0593663 0.059513
0 0.0742879 0.245738 0.0842634 0.0840705
0 0.41373 0.600249 0.0445837 0.0448636
0 0.840931 0.518867 0.0762119 0.0734145
0 0.0993491 0.165139 0.0680514 0.0682342
0 0.940082 0.816915 0.0635918 0.0622204
0 0.723266 0.289864 0.0628826 0.0612419
0 0.244353 0.368249 0.0681745 0.0674
0 0.22998 0.368356 0.0683404 0.0669861
0 0.46205 0.441601 0.0507853 0.0506954
0 0.339265 0.0910023 0.0603909 0.0607792
0 0.126706 0.566542 0.0743921 0.0744249
0 0.376514 0.119905 0.0859097 0.0858689
0 0.316517 0.65433 0.0491394 0.0484845
0 0.114214 0.566402 0.0733103 0.0718023
0 0.766771 0.669395 0.0525078 0.0529176
0 0.777744 0.669556 0.0529636 0.0533023
0 0.702943 0.175814 0.0410715 0.0419543
0 0.890247 0.815748 0.0655399 0.0659991
0 0.528995 0.325023 0.04653 0.047109
0 0.326277 0.0903813 0.0609075 0.0621555
0 0.220099 0.596374 0.0426211 0.0423986
0 0.44957 0.396721 0.0483565 0.0483978
0 0.679851 0.16941 0.035087 0.0343029
0 0.676109 0.455242 0.043881 0.0447384
0 0.146444 0.699462 0.0561858 0.0545624
0 0.19962 0.771227 0.068359 0.0705864
0 0.134817 0.883264 0.0740723 0.072934
0 0.871427 0.591246 0.053735 0.0527555
0 0.490833 0.652124 0.0398752 0.0400686
0 0.82173 0.202383 0.073729 0.0735153
0 0.464676 0.396743 0.0460899 0.0476748
0 0.638251 0.0588593 0.0961231 0.0998394
0 0.300539 0.655346 0.0478336 0.0478812
0 0.895055 0.134476 0.0769749 0.0755962
0 0.0918475 0.627185 0.0644377 0.0642752
0 0.0820864 0.402215 0.0753381 0.0756003
0 0.809266 0.20292 0.0760177 0.0756005
0 0.18257 0.370501 0.0584169 0.0588262
0 0.677119 0.920817 0.063853 0.0641686
0 0.0835331 0.454355 0.0577979 0.0583703
0 0.913357 0.305282 0.0563217 0.0539292
0 0.662509 0.920494 0.0630005 0.0636149
0 0.377929 0.0388582 0.0788528 0.0765016
0 0.694471 0.863104 0.0524613 0.0516088
0 0.876726 0.246594 0.0645628 0.0630091
0 0.661674 0.45579 0.0447454 0.0449521
0 0.639557 0.15263 0.0475048 0.0496347
0 0.0700409 0.455694 0.057209 0.0594071
0 0.679667 0.862969 0.0504487 0.0510401
0 0.348563 0.60056 0.0438838 0.0459398
0 0.227253 0.912326 0.0653347 0.0638952
0 0.374987 0.809596 0.0511617 0.0511734
0 0.858344 0.591227 0.0534081 0.0519549
0 0.120954 0.883753 0.0742595 0.0728377
0 0.860539 0.247029 0.0632933 0.0635847
0 0.134405 0.699654 0.0574475 0.0570997
0 0.174316 0.457141 0.0803629 0.0829885
0 0.710427 0.101736 0.0398256 0.0396762
0 0.363885 0.0378516 0.0776485 0.0757031
0 0.292692 0.601077 0.0347939 0.0343516
0 0.21488 0.912522 0.0662979 0.0657214
0 0.700257 0.0476624 0.0634579 0.0648476
0 0.108215 0.326268 0.0419262 0.0413512
0 0.214024 0.845055 0.0518362 0.0515806
0 0.296022 0.828435 0.0913714 0.0932437
0 0.359891 0.810199 0.0504259 0.0509296
0 0.333483 0.599011 0.0421053 0.0439809
0 0.696885 0.10197 0.0397547 0.0399125
0 0.929448 0.816488 0.0606136 0.0620252
0 0.624865 0.153414 0.0483139 0.0483105
0 0.0942229 0.326421 0.0416838 0.0413626
0 0.916317 0.726169 0.0733048 0.0730817
0 0.0508436 0.693983 0.0551073 0.0536092
0 0.770017 0.194667 0.0485886 0.0485814
0 0.902119 0.305323 0.0562233 0.0539612
0 0.665513 0.169143 0.0349594 0.0344687
0 0.266461 0.85808 0.0663617 0.066308
0 0.0366625 0.695586 0.0574283 0.0563973
0 0.443912 0.069412 0.0625597 0.0635087
0 0.756103 0.194403 0.0486277 0.0479627
0 0.201624 0.845119 0.0525448 0.0524724
0 0.58939 0.988621 0.0737794 0.022758
0 0.686985 0.0488722 0.0605498 0.0658517
0 0.576685 0.98626 0.0755808 0.0274792
0 0.158782 0.386742 0.0467607 0.0470323
0 0.192901 0.432781 0.0385071 0.0370818
0 0.692666 0.985278 0.0797592 0.0294436
0 0.278268 0.601527 0.0357444 0.0366236
0 0.429374 0.0708057 0.062689 0.0627526
0 0.867935 0.65695 0.0483513 0.0497251
0 0.946471 0.885215 0.0518383 0.0510371
0 0.881002 0.135296 0.0793882 0.0796867
0 0.981108 0.440063 0.0377832 0.0758217
0 0.118136 0.689558 0.0602613 0.0625782
0 0.161874 0.640868 0.0362284 0.0364363
0 0.95862 0.885964 0.0506155 0.0510516
0 0.856699 0.656424 0.0512913 0.0507261
0 0.776522 0.0211813 0.0845835 0.0423626
0 0.14568 0.386629 0.0472205 0.0459422
0 0.182197 0.433153 0.043463 0.038352
0 0.177987 0.084196 0.0320051 0.0321127
0 0.586255 0.984395 0.0806618 0.031211
0 0.953688 0.386283 0.0711624 0.0680957
0 0.148689 0.640934 0.0359313 0.036482
0 0.917627 0.376862 0.052873 0.0521545
0 0.302554 0.925692 0.0515453 0.0501963
0 0.856573 0.982281 0.0633678 0.0352768
0 0.251645 0.858729 0.0633742 0.0639824
0 0.193289 0.988278 0.076546 0.0234437
0 0.289266 0.019651 0.0876565 0.0393021
0 0.079139 0.627896 0.0647045 0.0632665
0 0.986505 0.437763 0.0269897 0.0786928
0 0.0262654 0.784854 0.0524134 0.0893674
0 0.710281 0.986743 0.0644203 0.0265139
0 0.684525 0.981931 0.0918949 0.0361387
0 0.90691 0.377633 0.0534687 0.0518583
0 0.765402 0.973994 0.0729134 0.0518373
0 0.703675 0.983151 0.0800665 0.0336975
0 0.280706 0.0151772 0.0827272 0.0303544
0 0.783004 0.904064 0.0355712 0.0336815
0 0.230908 0.0486216 0.0339492 0.0345761
0 0.283467 0.987346 0.0737535 0.0253089
0 0.28709 0.984071 0.0844737 0.0318576
0 0.246909 0.0483911 0.0340365 0.0352442
0 0.788396 0.0181113 0.0826914 0.0362226
0 0.598334 0.990363 0.0837239 0.0192731
0 0.163713 0.0839302 0.0341867 0.0346657
0 0.939191 0.340518 0.0633085 0.0582145
0 0.302231 0.710781 0.0393053 0.0375804
0 0.0947184 0.503303 0.0386558 0.0392282
0 0.845047 0.981018 0.059259 0.0379649
