0 0.557483 0.648603 0.0866364 0.0866921
0 0.251295 0.655126 0.0840008 0.0850011
0 0.309016 0.901998 0.0983463 0.0998146
0 0.0275427 0.558309 0.0550854 0.0767038
0 0.274379 0.812048 0.0766458 0.0752216
0 0.872636 0.707562 0.075893 0.0753719
0 0.48524 0.978317 0.0699186 0.0430873
0 0.489569 0.627122 0.0676474 0.0670331
0 0.0625022 0.874677 0.0865023 0.0879733
0 0.236845 0.656442 0.0819455 0.0818893
0 0.0278227 0.314318 0.0555302 0.0766914
0 0.599639 0.857638 0.0886739 0.0908513
0 0.427644 0.854232 0.0668314 0.0662627
0 0.12688 0.601022 0.0783911 0.0773844
0 0.215559 0.92903 0.0831103 0.0850058
0 0.347759 0.7311 0.0576791 0.057009
0 0.677142 0.884921 0.0719591 0.0725245
0 0.717557 0.689544 0.069579 0.0699198
0 0.802181 0.660515 0.0805058 0.0801554
0 0.695168 0.532619 0.0783636 0.0798985
0 0.112125 0.71199 0.0783262 0.078362
0 0.814722 0.782945 0.0527458 0.0534813
0 0.200549 0.747287 0.0761635 0.0738419
0 0.413945 0.853427 0.0662518 0.066334
0 0.584785 0.858597 0.0891617 0.08812
0 0.298065 0.581261 0.0782717 0.0767436
0 0.471683 0.97782 0.0717772 0.0443594
0 0.709254 0.532327 0.0804607 0.0803271
0 0.486805 0.710938 0.0672411 0.065971
0 0.756038 0.830045 0.0728157 0.0724889
0 0.158386 0.985646 0.0650452 0.0287078
0 0.745039 0.919684 0.0976525 0.0970446
0 0.662845 0.884891 0.0718699 0.072516
0 0.165966 0.63651 0.0810412 0.0822894
0 0.465935 0.905214 0.074742 0.0743267
0 0.769316 0.830842 0.0732849 0.0743164
0 0.15188 0.636612 0.0818506 0.0813672
0 0.858615 0.707439 0.0770252 0.0748686
0 0.801116 0.782844 0.0533026 0.0547679
0 0.491094 0.778322 0.0837317 0.0849215
0 0.237358 0.345241 0.0745195 0.074364
0 0.479335 0.905341 0.0760626 0.0759178
0 0.393233 0.732281 0.0471804 0.0481814
0 0.476555 0.778847 0.0826911 0.0825203
0 0.923751 0.637998 0.073489 0.0741463
0 0.543232 0.650019 0.0878374 0.0865706
0 0.41943 0.538872 0.0739142 0.0752584
0 0.788006 0.660479 0.0785955 0.0801956
0 0.203158 0.844451 0.0692452 0.0706095
0 0.595479 0.948469 0.0542261 0.0526105
0 0.186136 0.746412 0.0739892 0.0735227
0 0.310309 0.407457 0.077119 0.0774841
0 0.524243 0.947872 0.0614588 0.0621396
0 0.131031 0.818722 0.0759842 0.0752127
0 0.302418 0.514983 0.0608994 0.0619169
0 0.118313 0.381243 0.0466606 0.0462971
0 0.648049 0.767093 0.0645882 0.064688
0 0.466625 0.52832 0.0599384 0.0591027
0 0.399587 0.928697 0.0557973 0.0569829
0 0.283245 0.581297 0.0762842 0.0768972
0 0.360193 0.730696 0.0565122 0.0557144
0 0.147876 0.984846 0.0644302 0.0303073
0 0.414652 0.443389 0.0746777 0.0750161
0 0.316656 0.515091 0.0628696 0.0623276
0 0.539067 0.948502 0.0604353 0.0624514
0 0.11312 0.601009 0.0780712 0.0783534
0 0.909989 0.637701 0.0736685 0.0747504
0 0.662482 0.766822 0.0644303 0.0652598
0 0.580206 0.949084 0.0534882 0.052374
0 0.378709 0.733518 0.046524 0.0497096
0 0.752589 0.77681 0.0532248 0.0516436
0 0.481025 0.528197 0.0601012 0.0599536
0 0.474566 0.627779 0.0668751 0.0676459
0 0.400459 0.443438 0.0739117 0.075219
0 0.643352 0.985548 0.0690144 0.0289033
0 0.205621 0.543852 0.0775839 0.0780141
0 0.655841 0.985036 0.0689144 0.0299276
0 0.0981107 0.711935 0.0775683 0.0789846
0 0.347434 0.92873 0.0500772 0.0504189
0 0.259651 0.812005 0.07389 0.0740566
0 0.405382 0.5377 0.0740775 0.0743168
0 0.192321 0.543255 0.0762494 0.0775286
0 0.414012 0.928586 0.056974 0.0576852
0 0.671687 0.12725 0.0559126 0.0565672
0 0.144166 0.818369 0.0757914 0.0744989
0 0.221507 0.344466 0.07326 0.0742671
0 0.716994 0.776964 0.0550684 0.0536321
0 0.696929 0.451372 0.0726605 0.0719929
0 0.150267 0.354209 0.0443679 0.0442234
0 0.37174 0.615474 0.0746894 0.0729518
0 0.702292 0.776725 0.0535225 0.0534983
0 0.682162 0.451476 0.0730147 0.0731314
0 0.704216 0.689423 0.0684061 0.0689395
0 0.0645538 0.496 0.0692505 0.0656456
0 0.33218 0.929206 0.0509838 0.0516017
0 0.657034 0.126561 0.0576724 0.0578612
0 0.509731 0.428906 0.0571812 0.0581801
0 0.472556 0.710138 0.0665604 0.0651679
0 0.446444 0.963603 0.0353752 0.0357198
0 0.358047 0.613955 0.07528 0.0761784
0 0.83713 0.535315 0.0752644 0.0754199
0 0.296627 0.407974 0.0758493 0.0769391
0 0.191759 0.842878 0.0676268 0.0672272
0 0.104896 0.381298 0.0461905 0.0451218
0 0.761677 0.613271 0.0498219 0.0511525
0 0.43245 0.962499 0.0355137 0.0360776
0 0.0592926 0.747376 0.0505202 0.051798
0 0.366724 0.843155 0.045139 0.0443014
0 0.396547 0.135761 0.0651068 0.0653078
0 0.523393 0.42887 0.0564268 0.0574088
0 0.0660125 0.4334 0.064388 0.0650522
0 0.140856 0.895455 0.0601417 0.0600324
0 0.133941 0.354094 0.044692 0.0434924
0 0.738046 0.776592 0.0524987 0.051827
0 0.329012 0.675348 0.0374338 0.0378311
0 0.882859 0.590104 0.0611767 0.0629804
0 0.12355 0.940291 0.0625082 0.0625624
0 0.440051 0.729336 0.0445204 0.0460897
0 0.309628 0.322339 0.0610869 0.0615613
0 0.128953 0.895691 0.0609901 0.0609072
0 0.429311 0.611923 0.0508622 0.0502159
0 0.904623 0.292046 0.0725807 0.0737295
0 0.470664 0.068607 0.0515859 0.0515426
0 0.332385 0.0914072 0.0601398 0.0602725
0 0.426235 0.730613 0.0447431 0.0459089
0 0.545739 0.240159 0.0620441 0.0643298
0 0.535308 0.151832 0.066632 0.0678599
0 0.369853 0.287017 0.0722376 0.0722311
0 0.74778 0.613728 0.0500134 0.0501279
0 0.639391 0.551001 0.0602982 0.0612432
0 0.141341 0.484527 0.0502345 0.0493795
0 0.165184 0.250722 0.0651943 0.0666598
0 0.238233 0.818685 0.0401716 0.0413937
0 0.293224 0.208994 0.074361 0.073874
0 0.0771159 0.495467 0.0672496 0.0645091
0 0.868533 0.590156 0.062417 0.062969
0 0.317283 0.0927027 0.0587032 0.0586739
0 0.278755 0.209784 0.0712072 0.0725166
0 0.127061 0.484745 0.0503236 0.0498403
0 0.314394 0.676413 0.0373554 0.0371463
0 0.110961 0.9408 0.0611516 0.0616061
0 0.0447919 0.662879 0.0507212 0.0510399
0 0.825541 0.534706 0.0750564 0.0713706
0 0.352242 0.84318 0.0452795 0.0445793
0 0.591931 0.123291 0.0500134 0.0513405
0 0.231951 0.198049 0.0714237 0.0707883
0 0.657981 0.406182 0.0638723 0.0633382
0 0.889849 0.293736 0.0700626 0.0709597
0 0.0479157 0.873333 0.0886605 0.0872274
0 0.529654 0.241605 0.0616161 0.062953
0 0.0461875 0.747366 0.0520438 0.0513437
0 0.949311 0.530781 0.0614105 0.0631754
0 0.624634 0.553694 0.0600635 0.0615812
0 0.0527393 0.432529 0.0636293 0.0627768
0 0.415023 0.61257 0.0507155 0.0512844
0 0.0986168 0.247221 0.0566044 0.0561407
0 0.0281761 0.735975 0.0563522 0.0691737
0 0.711347 0.106001 0.0580174 0.0587549
0 0.151827 0.249935 0.0668684 0.068439
0 0.296538 0.321954 0.0617218 0.0616555
0 0.38502 0.134553 0.0629278 0.060985
0 0.456521 0.0694889 0.0516726 0.0514841
0 0.0295676 0.663477 0.0535316 0.0527677
0 0.907735 0.323244 0.0622101 0.0611966
0 0.196253 0.462591 0.0594708 0.0602973
0 0.308266 0.981711 0.0481114 0.036139
0 0.319352 0.98176 0.0484681 0.0359088
0 0.605254 0.33621 0.0544747 0.0543975
0 0.691565 0.737682 0.045862 0.0449268
0 0.935571 0.531129 0.0604527 0.0620795
0 0.470777 0.41773 0.0465408 0.0467958
0 0.645015 0.407302 0.0640276 0.0606084
0 0.704945 0.737811 0.0434782 0.0428335
0 0.0828853 0.246062 0.0565157 0.05659
0 0.641672 0.630374 0.0361593 0.0362907
0 0.218644 0.200278 0.0711494 0.0719435
0 0.356096 0.285296 0.0700722 0.0729567
0 0.456075 0.417865 0.0465412 0.0449406
0 0.0955352 0.485417 0.0447122 0.0447331
0 0.573064 0.402994 0.0343774 0.0359353
0 0.289286 0.367023 0.068134 0.0716323
0 0.75492 0.266077 0.0505209 0.0521385
0 0.35363 0.457752 0.0440725 0.0443903
0 0.576868 0.123614 0.0508278 0.0512555
0 0.0840827 0.486318 0.0447535 0.043478
0 0.783869 0.384851 0.0586496 0.0604467
0 0.265053 0.455162 0.0408749 0.0419374
0 0.484685 0.222446 0.0494455 0.0503675
0 0.828892 0.574972 0.0482895 0.0477295
0 0.568309 0.549146 0.0678879 0.0688421
0 0.893793 0.324447 0.0620911 0.0613895
0 0.523488 0.149283 0.0624388 0.066011
0 0.580932 0.548075 0.0680832 0.071212
0 0.594253 0.238378 0.0565272 0.057774
0 0.709545 0.184286 0.056504 0.0570267
0 0.185433 0.401044 0.0482042 0.0473517
0 0.580606 0.238896 0.0556946 0.057805
0 0.611457 0.789286 0.0362581 0.0363129
0 0.471271 0.222288 0.0514461 0.050974
0 0.223705 0.818331 0.0419182 0.0408376
0 0.627155 0.630287 0.0358827 0.0360624
0 0.197152 0.402253 0.0475549 0.0480637
0 0.212468 0.47123 0.0388872 0.0377116
0 0.226121 0.470633 0.0429832 0.0413026
0 0.905695 0.499801 0.0504128 0.0499946
0 0.593181 0.333432 0.0584152 0.057343
0 0.638444 0.233701 0.0538729 0.0540132
0 0.586496 0.403256 0.0354082 0.0359994
0 0.257137 0.494407 0.0480652 0.0477791
0 0.222726 0.405618 0.0661392 0.0647504
0 0.210013 0.403478 0.0636752 0.0626502
0 0.590996 0.286532 0.0476254 0.0474145
0 0.339367 0.457198 0.0452682 0.0458523
0 0.183635 0.463212 0.0601183 0.0598403
0 0.212304 0.26083 0.0331272 0.035007
0 0.356714 0.377242 0.0466073 0.0471239
0 0.771616 0.385706 0.0592035 0.0571082
0 0.597008 0.617727 0.0319212 0.0316218
0 0.695316 0.182573 0.0576001 0.0572355
0 0.556484 0.345883 0.0513809 0.0519665
0 0.644967 0.232577 0.0638823 0.0640051
0 0.264002 0.988423 0.0750642 0.0231539
0 0.242742 0.493197 0.0494601 0.0507717
0 0.598271 0.789407 0.0363276 0.0367167
0 0.225415 0.259725 0.0347065 0.0356281
0 0.570512 0.455478 0.0352116 0.0365024
0 0.341871 0.37782 0.0475061 0.0490994
0 0.17998 0.876337 0.0315621 0.0300765
0 0.813913 0.57632 0.0483328 0.0480291
0 0.252199 0.454634 0.0394051 0.0399584
0 0.542825 0.345373 0.0514339 0.0522523
0 0.739822 0.269632 0.0510063 0.0519039
0 0.611127 0.617712 0.0321096 0.0329877
0 0.466893 0.158296 0.0416927 0.04329
