0 0.970032 0.758 0.0599361 0.0804417
0 0.895633 0.946062 0.0848524 0.0863976
0 0.0314555 0.533484 0.0628796 0.0797892
0 0.974425 0.588415 0.051149 0.0838357
0 0.914098 0.528988 0.0859646 0.0866239
0 0.676595 0.586581 0.0810064 0.0805519
0 0.771875 0.672507 0.104417 0.101887
0 0.372745 0.862631 0.0778112 0.0760216
0 0.0571651 0.685739 0.0762043 0.0750867
0 0.79386 0.518562 0.068991 0.0686839
0 0.602084 0.582679 0.0752954 0.0761077
0 0.698338 0.244911 0.0589857 0.0590606
0 0.387043 0.862845 0.0787658 0.0764392
0 0.637966 0.717427 0.0517961 0.0510366
0 0.710781 0.322494 0.0613832 0.0616282
0 0.560975 0.847764 0.0688026 0.0689448
0 0.66233 0.587125 0.0817049 0.0803777
0 0.386337 0.435266 0.0675626 0.068579
0 0.529895 0.589783 0.0646441 0.063723
0 0.494826 0.817772 0.0758188 0.0775828
0 0.63009 0.815724 0.0552086 0.0556417
0 0.378819 0.963666 0.0761417 0.0726679
0 0.872295 0.534929 0.0707455 0.0730626
0 0.802688 0.614944 0.0563766 0.0546974
0 0.725622 0.980298 0.0712864 0.0393004
0 0.976941 0.480554 0.0459877 0.0648348
0 0.666417 0.392597 0.0783696 0.0763722
0 0.346776 0.781605 0.052897 0.053347
0 0.578647 0.667036 0.0848043 0.086674
0 0.547234 0.84731 0.0693552 0.0689625
0 0.579679 0.770436 0.067852 0.0660276
0 0.893515 0.791396 0.0876469 0.087786
0 0.676858 0.762505 0.0763813 0.0763489
0 0.563323 0.666859 0.08659 0.0851947
0 0.537634 0.746412 0.0622517 0.0621623
0 0.522586 0.746431 0.0617805 0.0623128
0 0.755728 0.786437 0.0733656 0.0734436
0 0.783854 0.320899 0.0862736 0.0864697
0 0.442265 0.396626 0.0822586 0.0830236
0 0.609697 0.911668 0.0928972 0.0916397
0 0.436661 0.500269 0.0579012 0.05736
0 0.636527 0.233526 0.0661343 0.0671636
0 0.594257 0.770319 0.0657778 0.0660787
0 0.644275 0.815571 0.0558587 0.0561628
0 0.364325 0.962993 0.0746383 0.0728456
0 0.746977 0.582624 0.0642157 0.0643626
0 0.857368 0.536127 0.0720738 0.0698066
0 0.6802 0.392944 0.0776664 0.0773191
0 0.750885 0.417196 0.082093 0.0816398
0 0.70707 0.180868 0.0527287 0.0528382
0 0.4812 0.817435 0.0754049 0.0765106
0 0.680786 0.469481 0.0677477 0.0663149
0 0.168457 0.606376 0.0787429 0.0795396
0 0.779612 0.518284 0.069515 0.0694962
0 0.66591 0.46925 0.0663309 0.0659253
0 0.744865 0.108909 0.0607615 0.0591624
0 0.69128 0.762574 0.0773228 0.0779569
0 0.647844 0.517779 0.0438471 0.0440973
0 0.622618 0.717733 0.052183 0.0516242
0 0.874506 0.412788 0.0666321 0.0671827
0 0.140903 0.478832 0.0648267 0.0647981
0 0.536732 0.949884 0.0904287 0.0894753
0 0.441671 0.765448 0.0476192 0.0471161
0 0.514905 0.590069 0.0632139 0.0642255
0 0.504694 0.66458 0.0557698 0.0566432
0 0.313067 0.908521 0.085118 0.0832069
0 0.887934 0.26383 0.0784699 0.0776208
0 0.825408 0.830342 0.0893074 0.088413
0 0.684651 0.244957 0.0589149 0.0583302
0 0.282628 0.179855 0.0610593 0.0605018
0 0.690716 0.672562 0.0486137 0.0483752
0 0.889625 0.412841 0.0676979 0.0672966
0 0.629807 0.116357 0.0583675 0.0595405
0 0.146426 0.756746 0.0742674 0.074638
0 0.735373 0.41599 0.0808528 0.0814323
0 0.711705 0.980088 0.0710239 0.0398248
0 0.740471 0.916842 0.0583508 0.0578873
0 0.633724 0.517397 0.0437384 0.0446498
0 0.671202 0.92332 0.0379278 0.0378833
0 0.643632 0.665457 0.0392156 0.0388738
0 0.828362 0.928098 0.0643688 0.0643059
0 0.629854 0.665547 0.0396165 0.0389577
0 0.733185 0.582377 0.0650686 0.0644113
0 0.75477 0.917159 0.0586332 0.0576447
0 0.676251 0.672833 0.0483713 0.0482329
0 0.685322 0.923345 0.0379671 0.038814
0 0.696249 0.322515 0.0613613 0.0607631
0 0.145282 0.359204 0.0576483 0.0556395
0 0.770316 0.786034 0.0750263 0.0739426
0 0.428008 0.39617 0.0830309 0.0822855
0 0.28809 0.770735 0.0611547 0.06129
0 0.769187 0.320687 0.0850114 0.0853381
0 0.852773 0.46835 0.0644899 0.0633287
0 0.358678 0.781341 0.0518752 0.0529795
0 0.455617 0.765162 0.0479824 0.0474058
0 0.541961 0.536842 0.0459179 0.0466052
0 0.345727 0.720044 0.054628 0.0534869
0 0.622797 0.233393 0.0657348 0.0666268
0 0.908274 0.791474 0.0864193 0.0855204
0 0.587314 0.583314 0.0738726 0.0749156
0 0.25931 0.0501879 0.0531916 0.0541036
0 0.571849 0.271281 0.067532 0.0700244
0 0.182356 0.606649 0.0805224 0.0805379
0 0.195774 0.444079 0.0603422 0.0599644
0 0.527768 0.537028 0.0474899 0.0465809
0 0.561181 0.507856 0.0338123 0.0341805
0 0.423262 0.500266 0.0565717 0.0571468
0 0.57907 0.154081 0.0587412 0.0600244
0 0.499581 0.415589 0.0460753 0.0469006
0 0.884651 0.622883 0.0450645 0.0449318
0 0.390519 0.0672974 0.0756478 0.0750964
0 0.838944 0.468215 0.0642712 0.0646134
0 0.298597 0.614827 0.0646486 0.0671108
0 0.689935 0.0633505 0.0676253 0.0666024
0 0.302384 0.770937 0.0599781 0.0605371
0 0.788802 0.615264 0.0566134 0.0568021
0 0.480282 0.456493 0.0511335 0.0526783
0 0.388868 0.500964 0.0421205 0.0437139
0 0.372606 0.676158 0.0641659 0.0635141
0 0.344739 0.599842 0.0498214 0.0496749
0 0.813798 0.928326 0.0643612 0.0640816
0 0.69905 0.889577 0.0344064 0.0341563
0 0.406089 0.067914 0.0761801 0.076988
0 0.583709 0.381644 0.0648848 0.0647567
0 0.361962 0.542687 0.0376315 0.0387627
0 0.304938 0.357533 0.0575576 0.0579889
0 0.869695 0.623206 0.0458698 0.0456947
0 0.358365 0.675853 0.0623744 0.0640878
0 0.130793 0.359394 0.0581557 0.0575259
0 0.674874 0.0625046 0.0669146 0.0679558
0 0.556967 0.272232 0.0676081 0.0689103
0 0.298241 0.908322 0.0840571 0.0846116
0 0.537304 0.461219 0.04962 0.0501508
0 0.206102 0.737675 0.0616264 0.0609857
0 0.301404 0.525178 0.0576707 0.0561283
0 0.615605 0.116733 0.060073 0.0589583
0 0.802032 0.433404 0.0497863 0.0494879
0 0.713044 0.890199 0.0354196 0.0348834
0 0.721173 0.180816 0.0530671 0.052645
0 0.489882 0.664134 0.0560296 0.0564585
0 0.381391 0.789764 0.0377635 0.0371541
0 0.466787 0.720138 0.0431576 0.0427905
0 0.315583 0.525284 0.0561379 0.0562219
0 0.295234 0.179308 0.0584262 0.0599228
0 0.523594 0.46191 0.0501081 0.049817
0 0.481579 0.71991 0.0412578 0.0421684
0 0.89926 0.529311 0.0832626 0.0864768
0 0.211122 0.445145 0.060789 0.0595375
0 0.633468 0.413031 0.0421438 0.0428543
0 0.330849 0.599863 0.0494335 0.0497794
0 0.24516 0.050082 0.0527228 0.053652
0 0.37295 0.43601 0.0679516 0.0694799
0 0.731961 0.850885 0.0375386 0.0378044
0 0.581169 0.467289 0.0345953 0.0350726
0 0.394286 0.790234 0.0379345 0.0372748
0 0.597326 0.381677 0.0639545 0.0652121
0 0.769957 0.178997 0.0388271 0.0392478
0 0.10242 0.854197 0.0759709 0.0750838
0 0.219337 0.738152 0.0587584 0.0599824
0 0.872456 0.263211 0.0773497 0.0772893
0 0.31747 0.356479 0.0595905 0.0581043
0 0.718476 0.850927 0.0375176 0.0374645
0 0.575135 0.50877 0.0347981 0.0345233
0 0.932466 0.32382 0.0698399 0.0689113
0 0.126587 0.478298 0.0670692 0.065837
0 0.841691 0.37328 0.0487457 0.0490717
0 0.563907 0.153657 0.0608162 0.060614
0 0.285177 0.247976 0.0631402 0.0651468
0 0.159134 0.757532 0.0745502 0.0744249
0 0.237774 0.370673 0.0618532 0.0606279
0 0.223758 0.37053 0.0602619 0.0604908
0 0.0392921 0.212789 0.0745234 0.0765381
0 0.744788 0.498439 0.0378399 0.0373389
0 0.730597 0.107891 0.0591557 0.0593508
0 0.255785 0.679121 0.0676672 0.0690239
0 0.332467 0.71932 0.0556813 0.0547089
0 0.375446 0.501568 0.0431058 0.0433791
0 0.337814 0.484856 0.0394981 0.0409411
0 0.485054 0.105477 0.0576307 0.0571255
0 0.269561 0.679244 0.0681678 0.0690332
0 0.660253 0.153589 0.0464693 0.0470074
0 0.153867 0.280894 0.0648347 0.0640985
0 0.347698 0.543156 0.0379563 0.0391059
0 0.205508 0.067805 0.0760539 0.0773027
0 0.917775 0.324206 0.0691177 0.0687987
0 0.567852 0.467208 0.034447 0.0350155
0 0.614814 0.5123 0.0425055 0.0451352
0 0.308859 0.834115 0.0347543 0.0342299
0 0.500269 0.106285 0.0576595 0.0555324
0 0.840783 0.829283 0.0897296 0.0900103
0 0.0830167 0.598605 0.0659975 0.0654073
0 0.619298 0.413351 0.0436363 0.0433123
0 0.465324 0.456452 0.0530256 0.052043
0 0.521563 0.950097 0.0884433 0.0877495
0 0.480064 0.195025 0.0518103 0.0517518
0 0.350824 0.486395 0.039556 0.0384643
0 0.512734 0.415544 0.0469053 0.0476306
0 0.0887426 0.854575 0.0737374 0.0740479
0 0.817028 0.74788 0.0430914 0.0433352
0 0.674517 0.154631 0.0459736 0.0470831
0 0.11297 0.473977 0.0670581 0.066657
0 0.167791 0.281546 0.0656578 0.0641654
0 0.226868 0.903177 0.0586459 0.0568742
0 0.894474 0.862835 0.0346888 0.03691
0 0.190549 0.0681868 0.0740195 0.0745847
0 0.244391 0.269254 0.0588329 0.0580135
0 0.729951 0.497777 0.0376574 0.038148
0 0.607639 0.0417309 0.0679449 0.0668516
0 0.788112 0.433411 0.0491549 0.0500663
0 0.0698487 0.59811 0.0659724 0.064489
0 0.379062 0.186672 0.0633603 0.0635802
0 0.300075 0.247948 0.0623186 0.0631222
0 0.622561 0.0414738 0.0674416 0.0672621
0 0.939143 0.882439 0.0448877 0.044391
0 0.490064 0.336851 0.0475917 0.0477602
0 0.374754 0.282949 0.0468285 0.0472676
0 0.315052 0.646514 0.0376432 0.0361941
0 0.821125 0.123876 0.0397835 0.0399439
0 0.880978 0.862578 0.0362053 0.0367989
0 0.510436 0.294432 0.053846 0.0541599
0 0.230684 0.2689 0.0587494 0.0596277
0 0.360499 0.282662 0.0457335 0.0477819
0 0.538856 0.230492 0.0474651 0.0472654
0 0.372042 0.375926 0.0346996 0.0352689
0 0.395152 0.189525 0.0634985 0.06429
0 0.212026 0.903819 0.0601256 0.0583992
0 0.191458 0.715758 0.0512186 0.0523529
0 0.465147 0.195273 0.0530057 0.0530594
0 0.294604 0.834151 0.0324004 0.0333285
0 0.600281 0.512284 0.0437351 0.0432769
0 0.826705 0.373859 0.047773 0.049116
0 0.755088 0.179779 0.0383741 0.0402968
0 0.924973 0.882368 0.0456936 0.0451647
0 0.386522 0.375818 0.0359083 0.0346802
0 0.389034 0.744187 0.0344316 0.0348671
0 0.216872 0.156327 0.0447304 0.0443169
0 0.801194 0.747842 0.041861 0.043464
0 0.402153 0.744618 0.0354818 0.0340485
0 0.315069 0.087661 0.051543 0.0513937
0 0.178558 0.715513 0.0531161 0.0527541
0 0.156318 0.566206 0.0344478 0.035659
0 0.524449 0.293865 0.0541833 0.0538495
0 0.0995359 0.474522 0.0647638 0.0641061
0 0.549509 0.399592 0.0360388 0.0360907
0 0.425827 0.720227 0.032256 0.0318395
0 0.301794 0.0875624 0.052495 0.0520682
0 0.670237 0.302954 0.0322334 0.0345215
0 0.535703 0.398037 0.0361671 0.0359665
0 0.807237 0.124084 0.0388773 0.0394933
0 0.781611 0.981736 0.0392512 0.0358632
0 0.178248 0.961595 0.0504814 0.0495366
0 0.328207 0.460882 0.0415095 0.0435976
0 0.77347 0.857372 0.0385867 0.0381853
0 0.20279 0.156026 0.0440192 0.0455271
0 0.524364 0.230613 0.0481911 0.0489635
0 0.0428289 0.684788 0.0775317 0.0771556
0 0.475852 0.336441 0.0475136 0.0485271
0 0.411941 0.72023 0.0320014 0.0305954
0 0.795827 0.981255 0.0414151 0.0365977
0 0.759908 0.858026 0.0388469 0.0384402
0 0.439484 0.3154 0.0629125 0.0638567
0 0.14369 0.565925 0.0354419 0.0363291
0 0.655421 0.301739 0.0329916 0.033905
0 0.306047 0.646705 0.0376043 0.0373029
0 0.533312 0.105417 0.0426747 0.043044
0 0.982871 0.586114 0.0342587 0.0810186
0 0.461025 0.699948 0.0394138 0.0399885
0 0.168017 0.961394 0.049875 0.0492134
0 0.112023 0.281334 0.0352061 0.0361185
0 0.518927 0.104989 0.0414147 0.0444986
0 0.062892 0.357241 0.0467659 0.0487283
0 0.449345 0.698833 0.0374787 0.0399645
0 0.91201 0.137223 0.0350653 0.0348911
0 0.454132 0.316521 0.0630795 0.0612818
0 0.344626 0.485659 0.0439451 0.0412909
0 0.0754352 0.357637 0.046381 0.0470333
0 0.0987665 0.280585 0.0354637 0.0362895
0 0.595107 0.988823 0.0934582 0.0223539
0 0.606861 0.986011 0.0958798 0.0279785
0 0.316619 0.45925 0.0413734 0.0406428
0 0.333816 0.26858 0.04258 0.0432474
0 0.624913 0.340947 0.0581512 0.055868
0 0.395629 0.743972 0.0350301 0.0348028
0 0.33335 0.986319 0.0429561 0.0265678
0 0.318741 0.268762 0.0442142 0.0449943
0 0.145783 0.153583 0.0337576 0.0350434
0 0.159353 0.153767 0.0338999 0.0344241
0 0.897182 0.137558 0.0338356 0.0340799
0 0.618429 0.30288 0.0384065 0.0376364
