0 0.0545756 0.706561 0.109151 0.144036
0 0.27546 0.511814 0.13971 0.138178
0 0.100639 0.875049 0.144887 0.142167
0 0.130155 0.541798 0.140717 0.137502
0 0.698114 0.863949 0.12262 0.122104
0 0.046387 0.400234 0.0927741 0.128087
0 0.609052 0.689992 0.136558 0.139484
0 0.515603 0.956019 0.144859 0.0879626
0 0.332252 0.268937 0.113106 0.112695
0 0.819669 0.57275 0.119028 0.122093
0 0.691919 0.967678 0.167452 0.0646437
0 0.889531 0.385069 0.113358 0.116781
0 0.0734488 0.201939 0.106054 0.105006
0 0.211891 0.785042 0.106291 0.105466
0 0.919472 0.732848 0.103594 0.102736
0 0.774437 0.39031 0.103628 0.102175
0 0.755143 0.600958 0.104096 0.105099
0 0.130301 0.141552 0.111605 0.113039
0 0.896022 0.690615 0.0884665 0.0862597
0 0.223054 0.392931 0.103613 0.105161
0 0.0242188 0.962932 0.0484375 0.0721216
0 0.198706 0.871407 0.105009 0.104492
0 0.941368 0.303499 0.0942188 0.0945607
0 0.504742 0.76589 0.0896791 0.0897149
0 0.321596 0.809242 0.0507994 0.0512545
0 0.448176 0.642624 0.100273 0.103004
0 0.307783 0.809383 0.050616 0.052107
0 0.61943 0.765607 0.103999 0.104369
0 0.294142 0.901906 0.0745254 0.0751951
0 0.961854 0.972443 0.0762833 0.0540026
0 0.52013 0.762947 0.092624 0.0929115
0 0.28045 0.901183 0.0745538 0.0739779
0 0.297263 0.593574 0.10276 0.103502
0 0.736507 0.185327 0.0928034 0.0953819
0 0.274665 0.345646 0.118462 0.120593
0 0.0335484 0.965258 0.0657742 0.0690142
0 0.531413 0.301775 0.089173 0.088392
0 0.247544 0.711586 0.0524868 0.0527061
0 0.232118 0.711526 0.0530489 0.052586
0 0.464997 0.186098 0.0996407 0.0989567
0 0.387733 0.230125 0.0633181 0.064916
0 0.363674 0.655595 0.0718526 0.07133
0 0.885046 0.909661 0.135521 0.136308
0 0.432326 0.639095 0.101168 0.102387
0 0.576529 0.261748 0.0733366 0.0731382
0 0.973019 0.963844 0.0534178 0.0707829
0 0.844245 0.974755 0.154459 0.0500549
0 0.515052 0.304644 0.087628 0.089007
0 0.647811 0.222491 0.0688721 0.0705437
0 0.373496 0.231055 0.064051 0.0639514
0 0.0423101 0.97399 0.0802367 0.0518313
0 0.602735 0.770202 0.100913 0.10183
0 0.276621 0.862275 0.0650436 0.0660467
0 0.415075 0.13109 0.0695569 0.0679206
0 0.349355 0.655504 0.0707252 0.0711553
0 0.960375 0.407865 0.0792509 0.111787
0 0.561298 0.263512 0.0765513 0.0760641
0 0.9455 0.972261 0.104224 0.0554787
0 0.632412 0.223758 0.0708061 0.0706682
0 0.839349 0.38951 0.112893 0.111816
0 0.955516 0.963965 0.0878193 0.0718419
0 0.722195 0.188255 0.0931646 0.0945402
0 0.0392116 0.95848 0.0784232 0.0826965
0 0.263787 0.860402 0.0611908 0.0594597
0 0.819828 0.672369 0.0757364 0.0732753
0 0.836555 0.981556 0.134641 0.0368881
0 0.400258 0.128745 0.0718804 0.0707894
0 0.450373 0.191733 0.0987618 0.0986749
0 0.33457 0.987946 0.11836 0.0240261
0 0.685164 0.977825 0.144448 0.0443414
0 0.529317 0.968619 0.151388 0.062542
0 0.370477 0.364637 0.0899256 0.0891907
0 0.050881 0.969251 0.101762 0.0609581
0 0.0455573 0.361282 0.0906787 0.10786
0 0.806219 0.673337 0.0744349 0.0741422
0 0.0453076 0.980444 0.0906152 0.039113
0 0.86408 0.979392 0.152528 0.0409584
0 0.42906 0.453903 0.107972 0.109064
0 0.128645 0.974061 0.144773 0.0518779
0 0.381831 0.551672 0.104966 0.104379
0 0.306638 0.0649238 0.064611 0.0645712
0 0.810845 0.203332 0.0730198 0.0726859
0 0.937626 0.963191 0.123421 0.0730105
0 0.0637533 0.959766 0.127507 0.079686
