0 0.947405 0.58042 0.10519 0.124886
0 0.0526743 0.685031 0.105349 0.121096
0 0.446175 0.872089 0.155362 0.152412
0 0.379863 0.667783 0.140882 0.141744
0 0.131154 0.492815 0.111625 0.11145
0 0.77588 0.679299 0.143799 0.141524
0 0.785994 0.823496 0.144569 0.14196
0 0.635059 0.726334 0.133161 0.131335
0 0.897179 0.95065 0.0880882 0.0877185
0 0.302272 0.405955 0.117101 0.119223
0 0.280157 0.722038 0.106753 0.106277
0 0.91138 0.350576 0.0951595 0.0953166
0 0.334211 0.850789 0.111938 0.111949
0 0.819219 0.967073 0.0800423 0.0658543
0 0.896697 0.749465 0.0998157 0.100466
0 0.790543 0.477519 0.114347 0.116249
0 0.275781 0.965664 0.0816045 0.0686725
0 0.805557 0.966579 0.0789474 0.0661778
0 0.480617 0.498293 0.0973156 0.0985957
0 0.681889 0.297772 0.0929419 0.0940334
0 0.529118 0.743395 0.113261 0.112822
0 0.181059 0.62581 0.0980379 0.0986949
0 0.697202 0.566798 0.107306 0.108516
0 0.585084 0.220027 0.0892773 0.090628
0 0.610939 0.412744 0.0931818 0.0941217
0 0.528521 0.364161 0.0873514 0.0831589
0 0.481992 0.626159 0.0526797 0.0538873
0 0.889595 0.24078 0.0892313 0.0934208
0 0.875142 0.578692 0.0744656 0.0729154
0 0.919507 0.657366 0.0864285 0.0852753
0 0.60595 0.149711 0.0879707 0.0903778
0 0.908901 0.266056 0.0733658 0.0727872
0 0.467394 0.626285 0.0538878 0.0539457
0 0.0386759 0.972856 0.0758947 0.0540675
0 0.93367 0.655814 0.0873497 0.0891444
0 0.860179 0.578782 0.0733496 0.0735069
0 0.960257 0.145363 0.0794855 0.086742
0 0.979777 0.459601 0.0402233 0.0755735
0 0.962928 0.925486 0.0733013 0.115475
0 0.932193 0.467188 0.0635941 0.0646921
0 0.0563629 0.438406 0.0787935 0.0781015
0 0.024885 0.535262 0.04977 0.109292
0 0.728813 0.0884951 0.0854967 0.0849441
0 0.525923 0.157308 0.0780064 0.0774026
0 0.249115 0.0840479 0.104941 0.104778
0 0.743612 0.086913 0.0862364 0.0871641
0 0.591088 0.148774 0.0888571 0.0903727
0 0.474353 0.149438 0.068001 0.0723962
0 0.510779 0.156377 0.0786123 0.0766151
0 0.894754 0.264809 0.0764456 0.0751687
0 0.22954 0.52044 0.0769669 0.0768218
0 0.986051 0.459261 0.0278978 0.0742901
0 0.347446 0.236643 0.0895968 0.086336
0 0.527771 0.594877 0.0481337 0.0483952
0 0.890385 0.114383 0.0686062 0.0684982
0 0.102824 0.819742 0.0783057 0.076591
0 0.216148 0.521884 0.0777308 0.0765116
0 0.120054 0.385905 0.083396 0.0834651
0 0.68088 0.151847 0.0975094 0.0987785
0 0.51274 0.362425 0.0858017 0.0841821
0 0.433933 0.55315 0.0554894 0.0558613
0 0.751131 0.262191 0.0665083 0.068191
0 0.460408 0.145766 0.0674232 0.0682891
0 0.0303189 0.968079 0.0606378 0.0627715
0 0.917414 0.467697 0.0653305 0.0648842
0 0.803783 0.0786337 0.104511 0.106334
0 0.512825 0.595574 0.0491365 0.0481466
0 0.0344061 0.305833 0.0679781 0.0718346
0 0.0416701 0.964192 0.0823899 0.0710424
0 0.966907 0.322825 0.0661862 0.075355
0 0.875569 0.113817 0.0682495 0.0694948
0 0.043235 0.437735 0.0761753 0.0778249
0 0.105386 0.385369 0.082465 0.081664
0 0.418756 0.55342 0.0565972 0.0561918
0 0.0889572 0.818007 0.0749023 0.0737864
0 0.736198 0.262482 0.0660184 0.0675464
0 0.522704 0.367904 0.0705059 0.0700821
0 0.0461702 0.30574 0.0702931 0.0696519
0 0.113687 0.179528 0.092499 0.0953833
0 0.904892 0.990584 0.11438 0.0184695
0 0.412197 0.215125 0.0801174 0.0765593
0 0.399272 0.436911 0.0535583 0.0543411
0 0.385291 0.437748 0.0549745 0.0552921
0 0.332107 0.231632 0.0949019 0.0937097
0 0.667615 0.0736254 0.0911919 0.0931263
0 0.0554897 0.982412 0.108842 0.0351532
0 0.0399234 0.947205 0.0788286 0.104621
0 0.346685 0.621405 0.0992327 0.0957827
0 0.398302 0.214777 0.0744744 0.0743755
0 0.262926 0.505114 0.0478885 0.0477645
0 0.39169 0.0514039 0.0842794 0.0822327
0 0.495572 0.504358 0.095389 0.0962245
0 0.509394 0.370391 0.0688801 0.0691854
0 0.0901714 0.530028 0.0534348 0.0528734
0 0.767693 0.397023 0.0601382 0.0604989
0 0.188147 0.980299 0.152863 0.0393073
0 0.552635 0.982648 0.119194 0.0347033
0 0.0635781 0.98633 0.109884 0.0273403
0 0.360499 0.978187 0.140224 0.043627
0 0.48614 0.395007 0.0536221 0.0539585
0 0.306243 0.254102 0.0483521 0.0505432
0 0.598832 0.978236 0.130562 0.0435284
0 0.472847 0.400251 0.0531492 0.0511426
