0 0.10699 0.817295 0.121516 0.121137
0 0.525628 0.546863 0.139738 0.137477
0 0.735703 0.958559 0.100112 0.0828815
0 0.960376 0.864889 0.0792475 0.0888133
0 0.649115 0.546562 0.100783 0.0997537
0 0.818293 0.755548 0.113371 0.112999
0 0.0508409 0.678223 0.101682 0.108863
0 0.0306889 0.809345 0.0613778 0.107218
0 0.78259 0.611772 0.116632 0.116325
0 0.964794 0.483685 0.0701864 0.1046
0 0.715774 0.846759 0.0940992 0.0940622
0 0.577146 0.479817 0.111714 0.110875
0 0.649301 0.174351 0.103497 0.106496
0 0.585166 0.817825 0.113898 0.113523
0 0.687446 0.709498 0.116603 0.113813
0 0.46351 0.437069 0.114831 0.114215
0 0.221673 0.859144 0.100222 0.0976858
0 0.963259 0.975064 0.0725021 0.0498728
0 0.203122 0.97161 0.101553 0.0566495
0 0.0729331 0.946714 0.0805292 0.0799431
0 0.0440583 0.419124 0.0845361 0.0894421
0 0.0342457 0.568 0.0684914 0.0781437
0 0.399211 0.86173 0.0952793 0.095476
0 0.290539 0.660323 0.0926031 0.0931299
0 0.50356 0.952375 0.102326 0.0952496
0 0.112225 0.51349 0.097649 0.0973914
0 0.200997 0.66148 0.10064 0.100263
0 0.72939 0.390411 0.082983 0.0808763
0 0.210948 0.509583 0.0970564 0.097793
0 0.352783 0.545315 0.103536 0.102537
0 0.508791 0.733085 0.0806078 0.0809771
0 0.396314 0.771359 0.0789639 0.0790393
0 0.454577 0.723816 0.0555983 0.0559848
0 0.665461 0.859761 0.0823889 0.0848765
0 0.21833 0.374438 0.0943433 0.0948373
0 0.82558 0.901732 0.0954613 0.097052
0 0.377147 0.367811 0.081339 0.0819888
0 0.271294 0.426729 0.0793422 0.0792346
0 0.449515 0.299518 0.0689396 0.0723016
0 0.502037 0.180011 0.0996965 0.100326
0 0.256105 0.42514 0.0792883 0.0802511
0 0.161328 0.251326 0.0647346 0.0647276
0 0.265782 0.573244 0.080408 0.080823
0 0.159609 0.156083 0.0781414 0.0779497
0 0.68817 0.265395 0.0908251 0.0928463
0 0.397895 0.649209 0.0692371 0.0683493
0 0.253041 0.737171 0.0619166 0.0608549
0 0.425895 0.961888 0.0504782 0.0525055
0 0.595346 0.688284 0.0856427 0.0855848
0 0.84177 0.900145 0.0954363 0.095402
0 0.36217 0.36849 0.0810055 0.0798088
0 0.280129 0.573592 0.0813313 0.0825067
0 0.4407 0.724943 0.0558632 0.0555002
0 0.316945 0.483254 0.0864629 0.0862478
0 0.411404 0.961147 0.0504868 0.0510195
0 0.171052 0.327783 0.0658744 0.0657689
0 0.382289 0.771771 0.0784957 0.0786519
0 0.107261 0.328516 0.0913132 0.0917405
0 0.114678 0.0950104 0.0875743 0.085754
0 0.384284 0.64956 0.0684475 0.0693851
0 0.435294 0.298696 0.0703457 0.0719762
0 0.934923 0.39732 0.0767742 0.0758507
0 0.0917574 0.327795 0.0903688 0.0914483
0 0.448246 0.110159 0.0819431 0.0834105
0 0.237996 0.737329 0.0624372 0.0619169
0 0.86791 0.981828 0.0793335 0.0361669
0 0.390456 0.153332 0.0750426 0.0763756
0 0.331518 0.484731 0.0885287 0.0888109
0 0.225921 0.786188 0.051862 0.0520201
0 0.605097 0.906942 0.0715944 0.0722384
0 0.145514 0.156227 0.0775245 0.0799744
0 0.147056 0.251205 0.0650587 0.0654746
0 0.611977 0.988575 0.0933336 0.0228511
0 0.177429 0.920411 0.0490771 0.0481949
0 0.435084 0.106497 0.0827564 0.0857816
0 0.157809 0.327481 0.066253 0.0656075
0 0.617323 0.905799 0.0734489 0.0741365
0 0.163619 0.92037 0.0491757 0.0475281
0 0.601358 0.370653 0.0671258 0.0682435
0 0.212116 0.785559 0.0523827 0.0519778
0 0.810537 0.266369 0.0758902 0.0748758
0 0.443776 0.238966 0.0392908 0.0377639
0 0.312717 0.352783 0.0481449 0.0484073
0 0.157839 0.723096 0.0577738 0.0580135
0 0.0934167 0.590876 0.0416608 0.0417315
0 0.420003 0.375621 0.0536248 0.0551288
0 0.597652 0.117044 0.0678213 0.068105
0 0.435123 0.376088 0.0552876 0.0545558
0 0.266426 0.171326 0.0671969 0.0675364
0 0.586781 0.371077 0.0672846 0.0670007
0 0.403412 0.489311 0.0529371 0.0524277
0 0.375937 0.152314 0.0743983 0.0765704
0 0.144441 0.72339 0.0569753 0.0575317
0 0.715324 0.392629 0.0850822 0.0833667
0 0.0368836 0.354935 0.0734028 0.0827849
0 0.905121 0.791229 0.0532797 0.0542236
0 0.874166 0.665611 0.0591484 0.0599002
0 0.32466 0.145913 0.0636615 0.0638623
0 0.252103 0.17159 0.0671463 0.0669819
0 0.584103 0.116857 0.0669627 0.067966
0 0.0788335 0.590786 0.0419838 0.0425421
0 0.543532 0.349866 0.0618593 0.0630596
0 0.39382 0.447038 0.0706151 0.0712954
0 0.797913 0.265772 0.076916 0.0774392
0 0.860808 0.665989 0.0580917 0.0586233
0 0.458992 0.170365 0.0573298 0.0572011
0 0.129405 0.0962271 0.0879614 0.088361
0 0.297916 0.352938 0.0484534 0.0477846
0 0.430561 0.238679 0.037282 0.0377976
0 0.894024 0.791556 0.054105 0.0534276
0 0.743591 0.514539 0.0652042 0.0635656
0 0.528435 0.349452 0.0630938 0.0644569
0 0.311038 0.145598 0.0653585 0.0652696
0 0.661377 0.427199 0.0653542 0.0643756
0 0.389866 0.491162 0.0527583 0.0537452
0 0.717 0.325538 0.04417 0.0442677
0 0.444868 0.170361 0.0593468 0.0574649
0 0.0931023 0.15739 0.0504156 0.050749
0 0.648275 0.428777 0.0697496 0.0696795
0 0.379626 0.446475 0.0690215 0.0705709
0 0.687172 0.581467 0.0436194 0.0437318
0 0.971794 0.475013 0.0564117 0.0975929
0 0.79683 0.114676 0.0707628 0.0720633
0 0.0280314 0.977907 0.055605 0.0441855
0 0.703353 0.326634 0.0449062 0.045216
0 0.955495 0.732322 0.0780674 0.0732826
0 0.0476198 0.353188 0.0766639 0.0720578
0 0.197075 0.977993 0.101919 0.0440132
0 0.950877 0.977021 0.0982454 0.0459588
0 0.852871 0.982841 0.0863714 0.0343185
0 0.836618 0.359892 0.0641994 0.0640689
0 0.0209986 0.972294 0.0419972 0.0543799
0 0.521818 0.324757 0.0588095 0.0581516
0 0.0837882 0.261821 0.0783764 0.0782282
0 0.0790811 0.157774 0.0512889 0.0501463
0 0.786533 0.234156 0.0495517 0.0529053
0 0.054232 0.947622 0.104757 0.0999254
0 0.732409 0.514734 0.0703486 0.069739
0 0.784398 0.115425 0.0720991 0.0728257
0 0.901086 0.174412 0.0963329 0.0938117
0 0.885355 0.728097 0.0444805 0.0470128
0 0.674215 0.578049 0.0471672 0.0483442
0 0.823166 0.363441 0.0614063 0.0616328
0 0.751559 0.474676 0.0480524 0.0479156
0 0.925531 0.322164 0.0994759 0.0989426
0 0.0236192 0.0247051 0.0470146 0.0487544
0 0.510535 0.327162 0.0579708 0.057055
0 0.970779 0.200951 0.0580296 0.0830657
0 0.216361 0.060458 0.0788682 0.0851789
0 0.0381859 0.964513 0.0753566 0.0697079
0 0.0167894 0.0242331 0.0335411 0.0479734
0 0.0686775 0.260521 0.0774534 0.0799169
0 0.956291 0.615151 0.052607 0.0524366
0 0.736613 0.476313 0.0456238 0.0470745
0 0.802263 0.531504 0.0766506 0.0755561
0 0.0414528 0.975842 0.0798643 0.0479485
0 0.216505 0.974752 0.102376 0.0504967
0 0.0388473 0.982349 0.0742365 0.0351446
0 0.597564 0.98493 0.111164 0.0301399
