0 0.935081 0.789712 0.129838 0.150281
0 0.295532 0.891384 0.135566 0.136073
0 0.802809 0.745295 0.133551 0.13318
0 0.613826 0.837356 0.148916 0.148583
0 0.479827 0.85829 0.124839 0.128073
0 0.183549 0.910273 0.114711 0.116296
0 0.207466 0.608341 0.119465 0.119611
0 0.637078 0.694076 0.11834 0.116515
0 0.969774 0.959952 0.0598364 0.0795438
0 0.684839 0.534359 0.104949 0.104191
0 0.828814 0.944805 0.0961063 0.0969751
0 0.031075 0.554318 0.0614997 0.115178
0 0.911824 0.429186 0.0927605 0.0872748
0 0.829609 0.26865 0.103815 0.104878
0 0.39374 0.580971 0.101107 0.101768
0 0.86138 0.749216 0.0874306 0.0891181
0 0.917443 0.979965 0.0798199 0.0400692
0 0.483346 0.987694 0.0739807 0.024612
0 0.470309 0.378277 0.0898905 0.0926764
0 0.35895 0.794854 0.0894639 0.0892815
0 0.357377 0.717761 0.092001 0.0871513
0 0.555489 0.976313 0.0686971 0.0473738
0 0.417283 0.504724 0.0760978 0.0764944
0 0.682486 0.634348 0.0901516 0.0900612
0 0.0280964 0.970143 0.0561928 0.058726
0 0.343434 0.794742 0.0898761 0.087794
0 0.0445125 0.295874 0.0853399 0.0895702
0 0.791309 0.491189 0.0685063 0.0684306
0 0.745546 0.149193 0.0983786 0.103765
0 0.543255 0.97671 0.0688031 0.0461609
0 0.232118 0.544854 0.0760636 0.0765022
0 0.608637 0.270855 0.0916895 0.0935892
0 0.725141 0.753663 0.0617796 0.0605632
0 0.711178 0.753961 0.0609438 0.0603017
0 0.755556 0.355375 0.077147 0.0771805
0 0.475733 0.715396 0.0627916 0.0632469
0 0.318567 0.348822 0.0922068 0.0931692
0 0.776932 0.491991 0.0673944 0.0687389
0 0.381967 0.213848 0.0693036 0.070772
0 0.481106 0.584615 0.0485399 0.0503382
0 0.396417 0.348991 0.0520938 0.0530505
0 0.382274 0.349038 0.0517296 0.0525061
0 0.367178 0.214558 0.0686402 0.0709719
0 0.742012 0.354819 0.0776571 0.0773994
0 0.467038 0.584603 0.0479156 0.0495277
0 0.342103 0.717384 0.0913809 0.0905762
0 0.462676 0.716158 0.0632362 0.0633035
0 0.471361 0.987042 0.0773925 0.0259157
0 0.735364 0.302908 0.0887966 0.0892702
0 0.843053 0.188141 0.0961945 0.0998717
0 0.0334582 0.975971 0.0653307 0.0480572
0 0.833319 0.359891 0.0769709 0.0782593
0 0.303566 0.34832 0.0898681 0.0904616
0 0.89188 0.449492 0.0679089 0.0661738
0 0.561837 0.764044 0.0631004 0.0645083
0 0.953176 0.525589 0.0629957 0.0642939
0 0.402722 0.505331 0.0755802 0.0764029
0 0.902916 0.330193 0.0740826 0.0762423
0 0.82021 0.359038 0.0786557 0.07855
0 0.753101 0.650955 0.0635981 0.063942
0 0.955801 0.659319 0.078278 0.0785519
0 0.924491 0.259483 0.0585585 0.0594273
0 0.103512 0.499099 0.0706627 0.0707506
0 0.976329 0.261623 0.046624 0.0635766
0 0.551206 0.453787 0.0615997 0.0626829
0 0.547975 0.763078 0.0641611 0.0631874
0 0.90925 0.259819 0.0603203 0.0598129
0 0.236273 0.419294 0.0647815 0.0653088
0 0.235769 0.788306 0.0856673 0.0845999
0 0.194655 0.757238 0.106785 0.102551
0 0.292363 0.152149 0.0754758 0.0773475
0 0.939197 0.525774 0.0646351 0.0643663
0 0.904264 0.981596 0.0782322 0.0368076
0 0.89001 0.331778 0.0735313 0.0766992
0 0.577633 0.636167 0.0648994 0.0655317
0 0.220733 0.419886 0.0654515 0.0658978
0 0.739463 0.650345 0.0645796 0.0648646
0 0.6687 0.332744 0.063072 0.0613444
0 0.743291 0.294124 0.0884893 0.0903477
0 0.531145 0.683538 0.0568614 0.057751
0 0.608243 0.478437 0.0545252 0.0545604
0 0.878002 0.450303 0.0659389 0.066552
0 0.942219 0.658256 0.0780808 0.0746423
0 0.0240526 0.550241 0.0480767 0.101597
0 0.654098 0.332616 0.0629612 0.0617654
0 0.22024 0.541723 0.0758047 0.0752177
0 0.144905 0.922545 0.0904642 0.0893274
0 0.368031 0.602551 0.0572654 0.0575857
0 0.593757 0.478553 0.0542462 0.0543659
0 0.884259 0.669152 0.0420006 0.0433137
0 0.040282 0.966224 0.0774369 0.0663256
0 0.516667 0.68428 0.0567561 0.0567521
0 0.0911143 0.496439 0.0720078 0.0718269
0 0.277287 0.152722 0.0736104 0.0756156
0 0.537072 0.452486 0.0631432 0.0636624
0 0.94476 0.0604577 0.0486647 0.0491779
0 0.969252 0.32348 0.0442966 0.0460449
0 0.125932 0.989744 0.110825 0.0205121
0 0.301699 0.434524 0.0400827 0.040588
0 0.0867654 0.760387 0.106521 0.108481
0 0.374863 0.597622 0.0779886 0.0697848
0 0.314014 0.790934 0.0474597 0.0465365
0 0.0398822 0.982288 0.0797241 0.0354235
0 0.345727 0.409127 0.0491451 0.0491255
0 0.023179 0.956367 0.046358 0.0832125
0 0.562903 0.636823 0.0620043 0.0628314
0 0.287248 0.434266 0.0396991 0.0405966
0 0.531842 0.212783 0.0819706 0.0831842
0 0.222886 0.781836 0.0852506 0.0861196
0 0.620256 0.0940301 0.0432837 0.0444822
0 0.517534 0.214266 0.0824141 0.0813841
0 0.303206 0.791607 0.0463826 0.0464048
0 0.0558788 0.978466 0.106717 0.0429972
0 0.43971 0.174585 0.0642961 0.0647526
0 0.930431 0.0605323 0.0499844 0.049393
0 0.107775 0.9881 0.113217 0.0237991
0 0.545698 0.393605 0.0754628 0.0755352
0 0.163439 0.60808 0.0998041 0.09485
0 0.363861 0.9892 0.092711 0.0215999
0 0.871301 0.667769 0.0426441 0.0432803
0 0.425812 0.173541 0.0632216 0.0634867
0 0.558927 0.388545 0.0788958 0.0781896
0 0.152842 0.594924 0.0965121 0.0929319
0 0.0993985 0.979986 0.126704 0.0400274
0 0.557394 0.398486 0.0704778 0.0696967
0 0.334273 0.180874 0.0390879 0.0392491
0 0.0753614 0.486884 0.0509312 0.0530121
0 0.330157 0.409756 0.0506861 0.0501371
