0 0.527168 0.485215 0.184095 0.183843
0 0.929969 0.951969 0.13872 0.0955489
0 0.200266 0.706451 0.167154 0.164342
0 0.768317 0.948592 0.161064 0.102816
0 0.0803004 0.791782 0.148128 0.149192
0 0.249181 0.294467 0.160658 0.163154
0 0.675229 0.414865 0.148465 0.149352
0 0.304143 0.790867 0.122194 0.122308
0 0.745473 0.548045 0.134894 0.136212
0 0.307275 0.64119 0.127687 0.125426
0 0.0611225 0.938821 0.122245 0.122186
0 0.670838 0.824024 0.129367 0.132022
0 0.923672 0.79893 0.126697 0.121357
0 0.936545 0.288642 0.119484 0.119991
0 0.614821 0.144165 0.115417 0.115626
0 0.256232 0.97334 0.130523 0.0531601
0 0.870534 0.359045 0.115148 0.111492
0 0.289645 0.539053 0.107437 0.106685
0 0.191584 0.843707 0.092914 0.0909612
0 0.879901 0.646134 0.116948 0.117443
0 0.880583 0.0742242 0.12014 0.119815
0 0.762466 0.278333 0.117984 0.119295
0 0.0418913 0.971132 0.0821949 0.0574701
0 0.642697 0.601731 0.103927 0.104168
0 0.480971 0.895379 0.114099 0.112308
0 0.817615 0.136865 0.109682 0.113818
0 0.56351 0.931871 0.0904532 0.0923304
0 0.423571 0.744902 0.0891647 0.0886555
0 0.548099 0.806557 0.0979446 0.0985578
0 0.453678 0.0389614 0.121445 0.0779227
0 0.0406029 0.478128 0.0809024 0.0894001
0 0.791306 0.580499 0.0616518 0.0628881
0 0.614298 0.266264 0.0675135 0.06715
0 0.601349 0.266184 0.0689017 0.0677603
0 0.807383 0.580989 0.0613213 0.0613454
0 0.739761 0.0690862 0.129408 0.126649
0 0.971939 0.571662 0.056122 0.171271
0 0.624898 0.314989 0.0724157 0.0738471
0 0.0349658 0.963555 0.0697026 0.0725475
0 0.972264 0.374045 0.0554728 0.129584
0 0.049261 0.956449 0.0985221 0.0861287
0 0.585467 0.39318 0.0811974 0.0811284
0 0.611858 0.313933 0.0720257 0.0741521
0 0.526558 0.326325 0.11063 0.111224
0 0.37199 0.269157 0.0630651 0.0641343
0 0.031248 0.972898 0.0622931 0.0533463
0 0.683513 0.276937 0.0669972 0.0676302
0 0.357366 0.269351 0.061671 0.0637177
0 0.571892 0.392204 0.0805696 0.0821971
0 0.189879 0.543582 0.0664444 0.066888
0 0.973454 0.024131 0.0523415 0.0480935
0 0.930319 0.966661 0.134908 0.0666777
0 0.0289917 0.0404057 0.0579103 0.0799849
0 0.176963 0.543178 0.0669743 0.0668654
0 0.241336 0.980958 0.122623 0.0380831
0 0.969826 0.0328545 0.0601143 0.0656097
0 0.168557 0.425677 0.0899597 0.0898699
0 0.180414 0.433156 0.0844656 0.0852479
0 0.956673 0.0250594 0.0848156 0.0501188
0 0.213771 0.986169 0.128181 0.0276623
0 0.957019 0.968513 0.0849148 0.0629751
0 0.191846 0.978532 0.127542 0.0429368
0 0.293376 0.147927 0.136399 0.135123
0 0.0225667 0.0350544 0.0451334 0.0693202
0 0.165929 0.978761 0.141138 0.0424776
0 0.192042 0.987516 0.105015 0.0249683
0 0.0542503 0.979311 0.107819 0.041378
0 0.20657 0.84559 0.0910738 0.0904483
0 0.672113 0.277434 0.0682405 0.069389
0 0.407759 0.183183 0.06798 0.0674217
0 0.443209 0.0315908 0.129252 0.0631815
0 0.273239 0.983195 0.140559 0.0336102
0 0.0295506 0.904837 0.0586587 0.128723
0 0.942163 0.0342266 0.113022 0.0679783
0 0.0204358 0.901354 0.0408717 0.109491
0 0.0689887 0.973635 0.133395 0.0527311
0 0.393079 0.18337 0.0665187 0.0673825
