0 0.171892 0.812074 0.140832 0.137645
0 0.785355 0.866574 0.106705 0.10547
0 0.85626 0.602979 0.102773 0.10318
0 0.967467 0.721619 0.0647018 0.083977
0 0.935807 0.344088 0.102468 0.101196
0 0.12586 0.642758 0.123514 0.125859
0 0.669392 0.925515 0.119145 0.118527
0 0.0340657 0.780262 0.0681314 0.145359
0 0.641752 0.712457 0.109403 0.106721
0 0.43217 0.705365 0.112177 0.111849
0 0.420387 0.955572 0.12044 0.0888565
0 0.145969 0.438667 0.11762 0.116727
0 0.0253986 0.965484 0.0507573 0.0682564
0 0.423109 0.500561 0.0767155 0.0773863
0 0.520663 0.861851 0.062417 0.0621259
0 0.337191 0.715195 0.0422809 0.0430659
0 0.303918 0.159694 0.0869412 0.0881936
0 0.350406 0.222579 0.082931 0.0835378
0 0.535206 0.862076 0.0625919 0.0613032
0 0.256789 0.680744 0.0508522 0.0509755
0 0.272352 0.680402 0.0504792 0.0514262
0 0.743742 0.651426 0.0758993 0.0769608
0 0.62453 0.588947 0.0858252 0.0848666
0 0.576092 0.469811 0.0963065 0.0989683
0 0.638557 0.156531 0.0578663 0.0578584
0 0.970001 0.887732 0.0596767 0.0772374
0 0.903901 0.943037 0.0747589 0.0732213
0 0.320161 0.15998 0.0875942 0.0876686
0 0.801702 0.556138 0.0752287 0.0767394
0 0.728803 0.652146 0.0762032 0.075381
0 0.689336 0.298706 0.0904638 0.0912799
0 0.916359 0.942946 0.0732105 0.0754379
0 0.408069 0.50174 0.0762918 0.0780596
0 0.220136 0.60221 0.0704619 0.0701126
0 0.609618 0.587757 0.0851263 0.0866966
0 0.624328 0.156863 0.0582373 0.0589829
0 0.517861 0.506162 0.069828 0.0703571
0 0.613156 0.822097 0.0629862 0.0617429
0 0.392758 0.62564 0.051896 0.0511581
0 0.322753 0.714902 0.0420509 0.0430255
0 0.444198 0.557987 0.0546114 0.0550518
0 0.838691 0.676906 0.0430687 0.0438812
0 0.598076 0.821655 0.0649606 0.0641828
0 0.96168 0.774294 0.0709431 0.0726554
0 0.0559311 0.401009 0.0897332 0.0900421
0 0.823916 0.296558 0.0787941 0.0807868
0 0.392844 0.410487 0.061397 0.0615091
0 0.356563 0.486111 0.068276 0.0658581
0 0.405815 0.963173 0.123992 0.0736537
0 0.175778 0.182182 0.0908557 0.0893933
0 0.0967865 0.227615 0.0750092 0.0756024
0 0.949904 0.7753 0.0708269 0.0724625
0 0.967358 0.606466 0.063308 0.0636347
0 0.809142 0.297864 0.0803774 0.0802438
0 0.377991 0.409568 0.06161 0.0619101
0 0.462089 0.219216 0.0985956 0.0986098
0 0.563628 0.227877 0.0550142 0.0572461
0 0.673855 0.300182 0.0898659 0.0912388
0 0.502886 0.50592 0.0695247 0.0700344
0 0.735046 0.485953 0.084659 0.0871672
0 0.0826308 0.22643 0.0727573 0.0741522
0 0.711054 0.110269 0.0730509 0.0735312
0 0.821935 0.67727 0.043499 0.0438218
0 0.578401 0.227447 0.05723 0.0589451
0 0.730968 0.98415 0.0598359 0.0316993
0 0.788283 0.555238 0.0752423 0.0749647
0 0.0323688 0.110687 0.0643334 0.0928726
0 0.340649 0.485996 0.0688113 0.0668981
0 0.694744 0.110031 0.0738233 0.0739697
0 0.651517 0.421759 0.072365 0.0733362
0 0.15967 0.182005 0.0910196 0.0898391
0 0.20476 0.601211 0.0705201 0.0706865
0 0.429669 0.557967 0.0540976 0.0543705
0 0.634266 0.509484 0.0492392 0.0505685
0 0.377403 0.624318 0.052212 0.0517159
0 0.650005 0.509733 0.0507797 0.0516079
0 0.637499 0.422848 0.072659 0.0726836
0 0.86581 0.351927 0.0653152 0.0645279
0 0.718873 0.488646 0.0840082 0.084129
0 0.721829 0.986525 0.0669556 0.0269499
0 0.960932 0.61186 0.0619457 0.060655
0 0.868701 0.151665 0.0664867 0.0660093
0 0.753553 0.117897 0.0636057 0.0640348
0 0.949206 0.612078 0.0639896 0.0621243
0 0.850281 0.35565 0.0651291 0.0654546
0 0.0327728 0.969732 0.062984 0.0596731
0 0.37805 0.229176 0.0479788 0.0512468
0 0.583404 0.233741 0.04298 0.0397228
0 0.97848 0.414393 0.0429337 0.0856682
0 0.143734 0.985362 0.0980757 0.0291542
0 0.543438 0.170406 0.0447937 0.0443392
0 0.457226 0.33572 0.054546 0.0555804
0 0.572476 0.47929 0.0721446 0.0783557
0 0.446379 0.22616 0.0944389 0.0988899
0 0.959056 0.974547 0.0815273 0.05083
0 0.337242 0.415195 0.0542511 0.0559666
0 0.142022 0.653264 0.124742 0.122565
0 0.79331 0.1966 0.0423418 0.0423917
0 0.721475 0.532226 0.0474366 0.0474487
0 0.70664 0.530684 0.0477194 0.0484802
0 0.738322 0.118691 0.0629936 0.0660433
0 0.361493 0.222051 0.0804967 0.070339
0 0.984531 0.415107 0.0308603 0.0771918
0 0.13599 0.979899 0.0962089 0.0402023
0 0.0220558 0.592629 0.0440534 0.0702964
0 0.0424641 0.397649 0.0844978 0.0914005
0 0.392783 0.22807 0.0452241 0.0448142
0 0.32166 0.413185 0.055663 0.0552713
0 0.23439 0.167289 0.0420495 0.0434119
0 0.77874 0.196329 0.0432869 0.0432727
0 0.441996 0.336204 0.055238 0.0556819
0 0.969844 0.972941 0.0598368 0.053154
0 0.84419 0.146707 0.068013 0.0676641
0 0.833199 0.149907 0.0600945 0.0627134
0 0.855751 0.149249 0.0668386 0.0685947
0 0.527154 0.1706 0.0444899 0.045916
