0 0.541602 0.849528 0.159081 0.160673
0 0.90723 0.716603 0.131717 0.131687
0 0.784931 0.65775 0.129363 0.127601
0 0.550632 0.592351 0.126027 0.123696
0 0.654662 0.955514 0.130898 0.088973
0 0.174986 0.634612 0.102387 0.103852
0 0.100551 0.729881 0.104198 0.10512
0 0.738994 0.959704 0.098436 0.080592
0 0.954164 0.293241 0.0909744 0.0985085
0 0.468125 0.708273 0.103424 0.103217
0 0.0441959 0.44328 0.0873067 0.0999734
0 0.364753 0.636146 0.0988245 0.0977084
0 0.382476 0.751441 0.0886387 0.0873403
0 0.0594922 0.74325 0.0949952 0.090588
0 0.463978 0.610779 0.088275 0.0892235
0 0.360233 0.509672 0.0945891 0.0955677
0 0.787408 0.866524 0.0807199 0.0808322
0 0.941567 0.900573 0.0741367 0.0737298
0 0.338236 0.362783 0.0505117 0.0520943
0 0.954302 0.900392 0.0743389 0.0749316
0 0.0877073 0.896118 0.0804875 0.0793116
0 0.772343 0.866462 0.0798972 0.0796219
0 0.469097 0.94581 0.0639025 0.064271
0 0.265579 0.974946 0.122124 0.050109
0 0.427517 0.426427 0.0872706 0.0865186
0 0.0737882 0.895233 0.0790173 0.0795698
0 0.296767 0.335141 0.0718351 0.070244
0 0.316525 0.764135 0.110594 0.108512
0 0.281798 0.335508 0.0705196 0.0697547
0 0.442123 0.427471 0.0870148 0.0856911
0 0.248325 0.425546 0.100591 0.102598
0 0.367034 0.75171 0.0904802 0.0860369
0 0.454527 0.946567 0.0637987 0.0635939
0 0.323646 0.362501 0.0512766 0.0518373
0 0.895378 0.535448 0.0592575 0.0594227
0 0.762081 0.143426 0.0696735 0.0700384
0 0.205671 0.732882 0.0711473 0.0689674
0 0.645567 0.291086 0.0786614 0.080937
0 0.671084 0.78853 0.0957182 0.0960859
0 0.631145 0.291688 0.0818726 0.0803056
0 0.543062 0.274498 0.0937746 0.0913609
0 0.969317 0.97642 0.0611862 0.0456768
0 0.166205 0.362123 0.0803396 0.08018
0 0.233258 0.739888 0.055931 0.0564245
0 0.655092 0.791788 0.0970293 0.0967631
0 0.834939 0.255832 0.0636822 0.0652136
0 0.605478 0.234924 0.0515314 0.0522797
0 0.150618 0.360622 0.0780562 0.0780964
0 0.956051 0.986585 0.0878094 0.0268305
0 0.748037 0.143232 0.0703886 0.0709204
0 0.220397 0.739395 0.0566941 0.0569171
0 0.908859 0.535414 0.058971 0.0580299
0 0.874771 0.474129 0.0451862 0.0450108
0 0.819854 0.25572 0.0677843 0.0670434
0 0.528576 0.277007 0.0918444 0.0910975
0 0.397104 0.64375 0.0616832 0.0616481
0 0.742086 0.436187 0.100662 0.0975046
0 0.0223001 0.944383 0.0446003 0.105502
0 0.715181 0.267456 0.060904 0.0605874
0 0.590612 0.23458 0.0528042 0.0535553
0 0.495249 0.485158 0.0483862 0.0492507
0 0.0142708 0.942018 0.028436 0.10265
0 0.958452 0.980135 0.0816589 0.0397306
0 0.6995 0.0988457 0.0639101 0.0640332
0 0.385181 0.645558 0.0616474 0.0606583
0 0.513451 0.376148 0.058936 0.0602383
0 0.291644 0.518091 0.0600599 0.0615112
0 0.0266508 0.957425 0.0530626 0.0850909
0 0.775111 0.321971 0.0906101 0.0889861
0 0.858175 0.473626 0.0466459 0.0476826
0 0.6087 0.621955 0.0978399 0.0959073
0 0.758113 0.429581 0.100315 0.0986209
0 0.111185 0.426108 0.0655027 0.0660609
0 0.684395 0.100113 0.064776 0.0647575
0 0.146019 0.639891 0.0546012 0.0531134
0 0.70037 0.266067 0.061103 0.0623218
0 0.125806 0.426738 0.0647947 0.0630297
0 0.480316 0.484333 0.0495494 0.04955
0 0.35245 0.214058 0.0666847 0.0665575
0 0.275716 0.519181 0.0615401 0.0628878
0 0.723361 0.722892 0.0838099 0.0833234
0 0.498613 0.376931 0.0580606 0.0580732
0 0.412706 0.323153 0.0488002 0.0479656
0 0.378018 0.640868 0.0800082 0.073575
0 0.136238 0.642203 0.053768 0.0530781
0 0.787731 0.324348 0.0822104 0.0825086
0 0.0272978 0.975579 0.0542133 0.0488426
0 0.489899 0.178716 0.063913 0.0627502
0 0.413229 0.990435 0.102882 0.0191304
0 0.196044 0.729232 0.067263 0.065331
