0 0.443242 0.954567 0.116487 0.090867
0 0.190517 0.956653 0.0991849 0.0866942
0 0.0941335 0.960479 0.0871754 0.0790418
0 0.974751 0.502763 0.0504978 0.0724709
0 0.346724 0.767186 0.0894473 0.0908437
0 0.61233 0.974153 0.0803601 0.0516941
0 0.874619 0.851781 0.0952419 0.0969271
0 0.711752 0.742533 0.0958393 0.0982822
0 0.762115 0.962558 0.0806227 0.0746508
0 0.681694 0.952408 0.0851107 0.0843816
0 0.618758 0.768611 0.0937888 0.0933023
0 0.671001 0.861326 0.0659723 0.0650223
0 0.694089 0.572344 0.073459 0.0736454
0 0.53076 0.91881 0.0740551 0.0758539
0 0.740616 0.64321 0.060262 0.0614822
0 0.551761 0.751446 0.0712267 0.0721227
0 0.516412 0.917801 0.0731882 0.0737473
0 0.849231 0.938369 0.0902702 0.0916445
0 0.786764 0.621422 0.0611668 0.0612985
0 0.747878 0.962118 0.0800752 0.075002
0 0.463143 0.819685 0.0892042 0.0909986
0 0.381603 0.97648 0.080618 0.0470407
0 0.8598 0.85107 0.0925129 0.0914478
0 0.155014 0.732728 0.0733714 0.0729207
0 0.537943 0.751935 0.0719622 0.0718619
0 0.680551 0.571736 0.0730476 0.0728583
0 0.629158 0.543508 0.0709044 0.0694481
0 0.0981804 0.699608 0.0816059 0.080637
0 0.0314889 0.487995 0.0629777 0.0665186
0 0.667845 0.445134 0.0626453 0.0619672
0 0.091442 0.793411 0.0829648 0.0816909
0 0.437903 0.474201 0.0802547 0.0807346
0 0.0770301 0.792728 0.0827253 0.0804644
0 0.860581 0.588675 0.0638033 0.0649587
0 0.65595 0.861098 0.0652897 0.066376
0 0.834552 0.658488 0.0441105 0.0442838
0 0.80083 0.621197 0.062256 0.0612053
0 0.614694 0.543212 0.0713434 0.0719239
0 0.598219 0.973166 0.0825685 0.0536685
0 0.641472 0.279736 0.069014 0.0694312
0 0.227286 0.42984 0.0662916 0.0672713
0 0.213319 0.430311 0.0650942 0.066582
0 0.68198 0.44416 0.0604881 0.0617221
0 0.834784 0.4835 0.0705764 0.0712316
0 0.820522 0.483433 0.0707603 0.0705535
0 0.730703 0.855918 0.054563 0.0555317
0 0.846874 0.588599 0.0642839 0.0645994
0 0.627903 0.279444 0.0678076 0.0691301
0 0.243399 0.587146 0.0665589 0.067445
0 0.725065 0.300441 0.0775186 0.078681
0 0.141649 0.732559 0.0742121 0.0739454
0 0.727141 0.644098 0.0612875 0.0607236
0 0.0441789 0.488414 0.0675669 0.0667253
0 0.716534 0.856171 0.0546358 0.0551758
0 0.785435 0.404332 0.0705437 0.0716877
0 0.606158 0.190542 0.0503348 0.0514345
0 0.711234 0.299907 0.0790999 0.0777809
0 0.820714 0.659523 0.0447494 0.0444916
0 0.834405 0.93761 0.0890766 0.0888758
0 0.22869 0.798496 0.0617233 0.0611801
0 0.412607 0.668876 0.0539155 0.0535675
0 0.22895 0.586366 0.0667944 0.0671628
0 0.594527 0.926188 0.0793394 0.0799296
0 0.427322 0.669481 0.0538658 0.0530523
0 0.61376 0.71919 0.0736188 0.0751864
0 0.77134 0.402725 0.0700134 0.0708094
0 0.0839458 0.698654 0.0792916 0.0797166
0 0.315119 0.470941 0.0515723 0.0509883
0 0.608515 0.927356 0.081178 0.0804906
0 0.363849 0.668446 0.0684126 0.0686785
0 0.694757 0.741402 0.094487 0.0995692
0 0.618655 0.418987 0.0513741 0.0525032
0 0.546776 0.603082 0.0659096 0.0673744
0 0.089889 0.879922 0.0543896 0.0531991
0 0.555112 0.475645 0.0593793 0.0593625
0 0.423476 0.474588 0.0793114 0.0812391
0 0.074766 0.879251 0.0554007 0.0544159
0 0.637093 0.602544 0.040522 0.0417068
0 0.54149 0.477006 0.0595641 0.0595823
0 0.493643 0.74639 0.0468553 0.0471949
0 0.757458 0.535391 0.0494343 0.0499133
0 0.303046 0.470529 0.0505961 0.0507991
0 0.60688 0.628192 0.0520383 0.0523486
0 0.566437 0.831472 0.0431263 0.0426277
0 0.357045 0.875685 0.0563387 0.0575963
0 0.924452 0.679218 0.04911 0.0498614
0 0.60373 0.419072 0.0517103 0.0514492
0 0.622072 0.602484 0.0406979 0.0395139
0 0.531927 0.604403 0.065074 0.0660971
0 0.349057 0.667316 0.0684084 0.0687551
0 0.910821 0.679046 0.0497555 0.0504779
0 0.910679 0.327017 0.0705547 0.0722403
0 0.743114 0.535332 0.0503849 0.0503676
0 0.592957 0.62691 0.0527967 0.053745
0 0.0540388 0.602089 0.0546355 0.0537637
0 0.393544 0.239602 0.0507927 0.0496826
0 0.170788 0.335485 0.0573105 0.0577694
0 0.156025 0.337204 0.0577818 0.0571042
0 0.590805 0.189937 0.0512617 0.0519931
0 0.297471 0.865556 0.0689954 0.0684565
0 0.55323 0.450291 0.0570942 0.0571949
0 0.21418 0.798312 0.0609577 0.060662
0 0.514085 0.129564 0.0621292 0.0630081
0 0.44436 0.38681 0.0644844 0.066865
0 0.740991 0.462936 0.0559729 0.0563953
0 0.521765 0.646181 0.0427443 0.0432337
0 0.282572 0.865372 0.0689117 0.0689334
0 0.47895 0.746483 0.0472736 0.0472913
0 0.534289 0.324222 0.0585861 0.0582717
0 0.549435 0.324441 0.0562485 0.0577995
0 0.558628 0.176281 0.045944 0.0452827
0 0.447958 0.818184 0.0896979 0.0906731
0 0.343139 0.875388 0.0566211 0.057594
0 0.49814 0.128695 0.0622115 0.0626849
0 0.278979 0.9337 0.0661196 0.0647823
0 0.8043 0.268456 0.0669512 0.0655429
0 0.45901 0.595888 0.0475697 0.0477702
0 0.893996 0.328684 0.0703651 0.0701782
0 0.552128 0.831441 0.0412863 0.0420255
0 0.289921 0.537919 0.0499586 0.0497372
0 0.851039 0.39432 0.0638195 0.0643608
0 0.0406684 0.601917 0.0541529 0.0534999
0 0.468086 0.681525 0.0366856 0.0371012
0 0.924921 0.4603 0.0735527 0.0713085
0 0.115993 0.364092 0.0640896 0.0650763
0 0.535846 0.647418 0.0441235 0.0434405
0 0.601631 0.50964 0.0482466 0.0488289
0 0.379262 0.23983 0.0496376 0.0502178
0 0.172618 0.678157 0.0378079 0.0372569
0 0.251453 0.320454 0.0588572 0.0599413
0 0.333567 0.764133 0.0886621 0.0892461
0 0.568387 0.450621 0.0586458 0.0600719
0 0.836188 0.394794 0.0637728 0.064204
0 0.791095 0.269315 0.0681898 0.0667501
0 0.446133 0.597407 0.0485542 0.0479967
0 0.32114 0.353626 0.0534127 0.054213
0 0.265513 0.320493 0.0583877 0.0591453
0 0.187447 0.678137 0.0366518 0.0373149
0 0.572941 0.17786 0.0456115 0.0475781
0 0.905548 0.47024 0.0570005 0.058418
0 0.306409 0.353094 0.0546842 0.0542203
0 0.505372 0.667966 0.0327463 0.0347221
0 0.158394 0.923834 0.0928316 0.0934331
0 0.330275 0.515063 0.0376791 0.0378815
0 0.705613 0.190341 0.0539364 0.0544577
0 0.370345 0.973833 0.0777503 0.0523343
0 0.278741 0.516113 0.0548901 0.0517111
0 0.554253 0.992729 0.0592165 0.0145414
0 0.181815 0.27107 0.0742895 0.0758002
0 0.26569 0.93369 0.0657179 0.065281
0 0.446319 0.77015 0.083115 0.0825345
0 0.100995 0.364076 0.0640739 0.0656117
0 0.454531 0.683127 0.0358371 0.038647
0 0.276863 0.537837 0.0516431 0.0508859
0 0.298842 0.804007 0.0601797 0.0601362
0 0.013546 0.819923 0.0270919 0.0446513
0 0.726409 0.462759 0.0541439 0.0576631
0 0.587676 0.510024 0.0471479 0.0482274
0 0.945346 0.748749 0.0385729 0.0401309
0 0.542454 0.992859 0.0626905 0.0142811
0 0.00759497 0.820533 0.0151899 0.0456116
0 0.625372 0.719388 0.0721689 0.0712509
0 0.890593 0.47291 0.0556686 0.0560388
0 0.165922 0.270566 0.0737991 0.0741058
0 0.196915 0.658959 0.0561559 0.0598549
0 0.488356 0.432871 0.0594488 0.0599246
0 0.286318 0.805746 0.0591961 0.0577148
0 0.335502 0.108041 0.0589394 0.0588463
0 0.350396 0.109192 0.0580961 0.0563501
0 0.668151 0.37117 0.0528468 0.051568
0 0.499894 0.432954 0.0597713 0.0580579
0 0.316657 0.516835 0.0361052 0.0383177
0 0.193785 0.516511 0.056078 0.0580752
0 0.492262 0.668744 0.0335073 0.0338146
0 0.265818 0.516984 0.0513556 0.0503263
0 0.0120082 0.893784 0.0240165 0.0699706
0 0.754547 0.264846 0.0677382 0.0695669
0 0.338209 0.463519 0.0357309 0.0388069
0 0.69004 0.190654 0.0547819 0.0540111
0 0.00610901 0.892897 0.012218 0.0706978
0 0.243651 0.762032 0.0500051 0.0498993
0 0.146207 0.512904 0.0515814 0.0510371
0 0.133931 0.512692 0.0505205 0.0501916
0 0.476385 0.185788 0.0369062 0.0394885
0 0.930726 0.74824 0.0397202 0.0407895
0 0.461161 0.185632 0.0377207 0.0382131
0 0.789116 0.323405 0.058865 0.058461
0 0.364711 0.331125 0.0511023 0.0512767
0 0.449705 0.312675 0.0369352 0.0379807
0 0.341985 0.430495 0.0425707 0.0416992
0 0.418216 0.537665 0.0507315 0.0500504
0 0.356513 0.429903 0.0436046 0.0417325
0 0.433858 0.313401 0.0352499 0.0354782
0 0.182426 0.517581 0.05608 0.055389
0 0.1393 0.506737 0.0579256 0.0590677
0 0.555531 0.317956 0.0526281 0.0484987
0 0.469999 0.555246 0.0490578 0.0487079
0 0.384997 0.982156 0.0786043 0.0356885
0 0.854694 0.316538 0.048031 0.0452282
0 0.643281 0.486764 0.0423766 0.0423276
0 0.0122003 0.780783 0.0242338 0.0503005
0 0.527846 0.29079 0.0549345 0.0575116
