0 0.832658 0.975663 0.111244 0.0481533
0 0.578526 0.740163 0.0774067 0.0765547
0 0.495192 0.866337 0.0747601 0.0756044
0 0.286981 0.702025 0.0794394 0.0793012
0 0.480694 0.866332 0.0741535 0.0752748
0 0.864997 0.719835 0.0930996 0.0926304
0 0.612047 0.49385 0.0769306 0.0755201
0 0.438441 0.964817 0.0678129 0.0672482
0 0.598946 0.883297 0.0613763 0.0623004
0 0.550191 0.791485 0.0787766 0.0779513
0 0.638866 0.709434 0.0769155 0.07708
0 0.554697 0.89274 0.0680733 0.0677063
0 0.16289 0.915738 0.0838399 0.081886
0 0.573287 0.964873 0.0772756 0.0697654
0 0.319122 0.62283 0.0730207 0.0721275
0 0.653295 0.600787 0.0701879 0.0716815
0 0.836579 0.841444 0.0976845 0.0979248
0 0.453498 0.964613 0.0684401 0.0653844
0 0.558422 0.96421 0.0776816 0.0705106
0 0.914203 0.73966 0.0761744 0.0746638
0 0.663266 0.853771 0.0604229 0.0597432
0 0.768113 0.595907 0.0849608 0.0850965
0 0.535764 0.791334 0.0775012 0.0771483
0 0.347039 0.893369 0.0945451 0.0960284
0 0.741542 0.95633 0.0963345 0.0873393
0 0.598235 0.49404 0.0751965 0.0767321
0 0.54037 0.893795 0.0677418 0.0687243
0 0.480697 0.787155 0.0551726 0.0557007
0 0.413358 0.864542 0.0547914 0.0545553
0 0.653737 0.709739 0.0770262 0.0779643
0 0.301252 0.702392 0.0792599 0.0787908
0 0.223597 0.810095 0.0865771 0.0871501
0 0.383007 0.990768 0.0823411 0.0184634
0 0.668009 0.600842 0.0705822 0.0703964
0 0.414805 0.736721 0.0633164 0.0638256
0 0.276901 0.896245 0.0692378 0.0691645
0 0.725696 0.957427 0.094508 0.0851462
0 0.612544 0.883334 0.0630371 0.0634099
0 0.564239 0.739532 0.0747276 0.074852
0 0.22452 0.712844 0.0641673 0.0639048
0 0.677913 0.853415 0.0587891 0.0571241
0 0.428326 0.86413 0.0550106 0.0547534
0 0.42031 0.822828 0.0486018 0.0482636
0 0.782688 0.596581 0.0856344 0.0853508
0 0.262921 0.981171 0.0544977 0.0376575
0 0.489144 0.58962 0.0706631 0.0716276
0 0.712431 0.636237 0.064045 0.0635567
0 0.897492 0.740584 0.0766264 0.0743552
0 0.840889 0.362264 0.0690994 0.0689803
0 0.762495 0.357386 0.0681818 0.0696182
0 0.62706 0.378401 0.0615234 0.0606103
0 0.208499 0.809194 0.0875164 0.0857093
0 0.202833 0.628976 0.07685 0.0766207
0 0.257904 0.58601 0.0653667 0.0658358
0 0.826846 0.361695 0.0675638 0.0690397
0 0.333915 0.623115 0.0723379 0.0734968
0 0.400517 0.736402 0.0638186 0.0648614
0 0.26318 0.896396 0.0689562 0.0700212
0 0.382457 0.594944 0.0505547 0.0510574
0 0.714868 0.536825 0.0689878 0.0704407
0 0.845738 0.535698 0.0681381 0.0680626
0 0.2495 0.980766 0.0551768 0.0384673
0 0.72975 0.537544 0.068667 0.0699184
0 0.360493 0.698957 0.0504264 0.0518791
0 0.776951 0.357921 0.0685721 0.0686614
0 0.966483 0.56307 0.0535393 0.0542004
0 0.435949 0.822198 0.0484766 0.0480492
0 0.720924 0.472359 0.0631141 0.0621614
0 0.375061 0.698991 0.0493003 0.0504876
0 0.698799 0.635962 0.0640411 0.0635475
0 0.618181 0.441994 0.0587017 0.0590593
0 0.466541 0.78743 0.0548848 0.0553909
0 0.485786 0.403925 0.0713366 0.0709361
0 0.516441 0.729477 0.0429233 0.0429047
0 0.508507 0.690111 0.0514408 0.0510801
0 0.433002 0.622824 0.0678007 0.0672455
0 0.95228 0.563105 0.0540035 0.0533379
0 0.448162 0.623603 0.0665316 0.0662682
0 0.502934 0.587717 0.067844 0.0712293
0 0.726461 0.357177 0.0593087 0.0594977
0 0.42388 0.544799 0.0738714 0.0739812
0 0.493355 0.689983 0.051314 0.0506688
0 0.209268 0.712585 0.0652381 0.0649264
0 0.525547 0.337581 0.0721975 0.0729393
0 0.746302 0.700234 0.0359459 0.0355518
0 0.196366 0.453638 0.058164 0.0571543
0 0.768291 0.774145 0.0802467 0.0789904
0 0.211628 0.454252 0.0573791 0.0583116
0 0.706389 0.472575 0.0628462 0.0637353
0 0.409182 0.544656 0.0726965 0.0732033
0 0.47022 0.404056 0.0708015 0.070922
0 0.808186 0.42108 0.0527988 0.0527404
0 0.652804 0.934805 0.0522702 0.0518456
0 0.271815 0.587198 0.0658863 0.0653102
0 0.667218 0.935307 0.0528877 0.0522466
0 0.612986 0.37799 0.0613081 0.0614419
0 0.0923831 0.782835 0.0723644 0.0712003
0 0.188004 0.627739 0.0773171 0.0767726
0 0.32972 0.365341 0.0672002 0.0683924
0 0.367886 0.594932 0.0519355 0.0515213
0 0.732095 0.699847 0.0354461 0.0364535
0 0.154312 0.540626 0.0676022 0.0683136
0 0.7114 0.358337 0.0597734 0.0586336
0 0.699303 0.737065 0.0492745 0.04925
0 0.831648 0.536457 0.0688467 0.068494
0 0.356251 0.74101 0.0493973 0.0481716
0 0.312826 0.539679 0.0616405 0.0615063
0 0.0612405 0.825629 0.0652008 0.0654167
0 0.918587 0.352888 0.0666588 0.0689452
0 0.327418 0.540049 0.0599356 0.0601962
0 0.921727 0.426802 0.0549391 0.0559002
0 0.900786 0.831916 0.0475281 0.0482887
0 0.767885 0.832525 0.0630809 0.0629439
0 0.803906 0.703102 0.0439392 0.0451879
0 0.822304 0.421339 0.0534655 0.0525052
0 0.644933 0.987754 0.0925268 0.0244915
0 0.510586 0.337519 0.072798 0.0722262
0 0.313697 0.364046 0.0674254 0.0666185
0 0.342482 0.741056 0.0493591 0.0484217
0 0.717018 0.794831 0.0476997 0.0490306
0 0.907009 0.426517 0.0562056 0.057089
0 0.713983 0.738246 0.0511539 0.0511042
0 0.560182 0.5363 0.0565308 0.0565056
0 0.709251 0.858395 0.0318551 0.0327209
0 0.754846 0.77513 0.078153 0.079392
0 0.633054 0.442096 0.0596088 0.0599612
0 0.144986 0.412964 0.0519832 0.0516575
0 0.316458 0.203596 0.05504 0.0550102
0 0.502282 0.729153 0.0419705 0.0429047
0 0.577533 0.344639 0.0643909 0.0670017
0 0.458561 0.72437 0.0368286 0.0370071
0 0.775768 0.429257 0.0536167 0.0530524
0 0.592371 0.344961 0.0648221 0.0657459
0 0.056823 0.536579 0.0701059 0.0698959
0 0.760854 0.429611 0.053022 0.0539375
0 0.0906833 0.648756 0.0558798 0.0587336
0 0.170279 0.708394 0.0530478 0.0536367
0 0.139108 0.54029 0.0687371 0.0683384
0 0.670573 0.45473 0.0504514 0.0513048
0 0.0462143 0.82491 0.0673142 0.0663139
0 0.838805 0.271033 0.051095 0.051484
0 0.903626 0.353137 0.0689878 0.0695969
0 0.421565 0.267929 0.060006 0.0611352
0 0.886448 0.82968 0.0495026 0.0507884
0 0.425112 0.455887 0.0563058 0.0556759
0 0.176738 0.915633 0.0806517 0.0847352
0 0.438691 0.456175 0.0552851 0.0547901
0 0.938194 0.46767 0.0482452 0.0470643
0 0.406764 0.267144 0.0612564 0.0612706
0 0.166779 0.863035 0.0621084 0.0620687
0 0.179809 0.863006 0.0620231 0.0633479
0 0.894334 0.588249 0.070435 0.0684972
0 0.752264 0.831891 0.0629064 0.0634003
0 0.952154 0.468386 0.0494862 0.0479956
0 0.681378 0.787898 0.0440195 0.0463707
0 0.789865 0.702935 0.0447903 0.0447851
0 0.47751 0.485254 0.0570854 0.0569304
0 0.301846 0.203403 0.0566145 0.0558584
0 0.407795 0.664248 0.0342502 0.0353088
0 0.47435 0.992147 0.0539813 0.0157066
0 0.0432013 0.536389 0.0699136 0.0701607
0 0.905207 0.805024 0.0487133 0.0476681
0 0.512795 0.183885 0.0501101 0.0504337
0 0.849181 0.721514 0.0927715 0.0898543
0 0.919397 0.804702 0.0484188 0.0480342
0 0.444255 0.397803 0.0554573 0.0543132
0 0.233744 0.527845 0.0626217 0.0623308
0 0.702052 0.794734 0.0463543 0.0483868
0 0.539528 0.479636 0.0673735 0.0674364
0 0.471705 0.723682 0.0367096 0.0368301
0 0.677262 0.196927 0.0584961 0.0575111
0 0.0776189 0.649128 0.0560297 0.0571576
0 0.237816 0.875678 0.033946 0.0340324
0 0.155084 0.708382 0.0541353 0.0535627
0 0.394078 0.664814 0.0348779 0.0348446
0 0.380892 0.330667 0.0577511 0.057443
0 0.429305 0.398726 0.0540361 0.0537463
0 0.13057 0.602398 0.0519786 0.0511168
0 0.21963 0.527597 0.0620143 0.0613678
0 0.655344 0.454214 0.0503826 0.0504886
0 0.879955 0.588314 0.0669586 0.0681562
0 0.267343 0.635143 0.0403194 0.0408808
0 0.665677 0.788111 0.0442592 0.0440104
0 0.721679 0.857218 0.0329853 0.0326393
0 0.54374 0.537053 0.0555524 0.0554264
0 0.869846 0.420446 0.0360798 0.0358848
0 0.253743 0.635297 0.040385 0.0412875
0 0.758427 0.198446 0.0633348 0.0627
0 0.523748 0.476824 0.06749 0.0699613
0 0.463284 0.484981 0.0565849 0.0572286
0 0.130975 0.412599 0.0522223 0.0523328
0 0.36618 0.331301 0.0590454 0.0574535
0 0.138148 0.766197 0.0438418 0.0433156
0 0.855816 0.420961 0.0359701 0.0348859
0 0.564606 0.219714 0.052236 0.0519927
0 0.488894 0.116967 0.0539291 0.0533816
0 0.38222 0.814493 0.0423736 0.0434947
0 0.433278 0.194921 0.0432484 0.0452656
0 0.338944 0.281376 0.0606501 0.0589421
0 0.633907 0.983776 0.0865471 0.0324473
0 0.498719 0.184074 0.0501392 0.0494077
0 0.353657 0.281632 0.0605928 0.0603711
0 0.263906 0.424368 0.0437335 0.0442575
0 0.555235 0.643409 0.0326073 0.0317594
0 0.742154 0.200684 0.0636026 0.0649788
0 0.662698 0.196387 0.0600414 0.0590122
0 0.0363615 0.789414 0.0627755 0.065731
0 0.264851 0.288084 0.0582884 0.058826
0 0.165488 0.368059 0.0423275 0.0433095
0 0.0797003 0.783558 0.0725245 0.0715736
0 0.84063 0.625292 0.0391134 0.0383331
0 0.11548 0.602126 0.0528596 0.0525536
0 0.0287427 0.696064 0.0553473 0.0610685
0 0.420006 0.195921 0.0438227 0.0450951
0 0.824005 0.271024 0.052025 0.0532944
0 0.473256 0.116712 0.0533632 0.0539162
0 0.46444 0.992399 0.0617116 0.0152016
0 0.826923 0.624987 0.0384295 0.0382022
0 0.248142 0.425769 0.0464648 0.0495529
0 0.173952 0.486308 0.03589 0.0369969
0 0.324877 0.122813 0.0533592 0.0535509
0 0.549778 0.219509 0.0514215 0.0513011
0 0.123478 0.765648 0.0458921 0.0438932
0 0.366634 0.814281 0.0419642 0.0423459
0 0.160084 0.487461 0.0352074 0.0357845
0 0.0904079 0.936966 0.0406562 0.0418039
0 0.309489 0.122534 0.0550096 0.0539249
0 0.180914 0.368441 0.0433327 0.0434391
0 0.639019 0.28205 0.0599451 0.0622079
0 0.291398 0.420275 0.0349133 0.0341347
0 0.11818 0.491472 0.0557351 0.0549226
0 0.131197 0.492804 0.0534552 0.0510394
0 0.124847 0.915456 0.0531427 0.0523816
0 0.779255 0.310618 0.0487408 0.0483997
0 0.793936 0.310391 0.0492074 0.0473946
0 0.161214 0.438074 0.0326991 0.03215
0 0.525489 0.614144 0.0338607 0.0356242
0 0.479781 0.256751 0.055397 0.055514
0 0.648901 0.981808 0.0949911 0.0363834
0 0.582988 0.434156 0.0481277 0.0491329
0 0.22332 0.87763 0.0328174 0.0339063
0 0.371644 0.988694 0.0801415 0.0226124
0 0.0775702 0.938002 0.0422449 0.0431217
0 0.212552 0.592719 0.0514716 0.0518944
0 0.256235 0.290733 0.0590796 0.060096
0 0.133938 0.917584 0.049696 0.0502742
0 0.873267 0.977176 0.0767895 0.0456486
0 0.3472 0.526054 0.0314956 0.0316333
0 0.466076 0.257693 0.0544616 0.0555771
0 0.38765 0.495932 0.0342984 0.0343775
0 0.569511 0.43455 0.0495069 0.0489749
0 0.393803 0.221083 0.0400072 0.0391665
0 0.277171 0.420211 0.0338698 0.0349454
0 0.508651 0.110858 0.0393353 0.038778
0 0.373338 0.495623 0.032758 0.0343684
0 0.389222 0.468798 0.0432644 0.0459342
0 0.255484 0.422384 0.0539473 0.0489484
0 0.285616 0.223507 0.037716 0.0390203
0 0.237876 0.428516 0.0514235 0.0476301
0 0.881075 0.292382 0.0443249 0.0447614
0 0.380561 0.375286 0.02961 0.0306733
0 0.148359 0.439059 0.0334054 0.0339799
0 0.967835 0.490732 0.0609648 0.0614256
0 0.525958 0.109252 0.0382632 0.0388925
0 0.365857 0.378322 0.0296486 0.028672
