0 0.0556478 0.779694 0.111296 0.124639
0 0.88768 0.868779 0.124647 0.121728
0 0.792227 0.95408 0.117263 0.0918395
0 0.236733 0.665451 0.107596 0.10836
0 0.182861 0.804918 0.118599 0.117471
0 0.796981 0.446492 0.0998495 0.101843
0 0.249239 0.345203 0.119541 0.117545
0 0.908131 0.4438 0.0879505 0.0892634
0 0.0208904 0.90498 0.0414137 0.0871633
0 0.0839136 0.523566 0.0942517 0.0959368
0 0.316645 0.930894 0.108215 0.108463
0 0.59323 0.868847 0.100823 0.103887
0 0.694231 0.495945 0.115665 0.116641
0 0.821057 0.537571 0.118243 0.1174
0 0.595465 0.697004 0.118566 0.117108
0 0.921674 0.66365 0.0918098 0.0921186
0 0.383458 0.581472 0.0898149 0.088604
0 0.278628 0.762359 0.114426 0.112906
0 0.906095 0.142583 0.0941557 0.0959591
0 0.462265 0.981477 0.0777096 0.0370469
0 0.664297 0.70053 0.0994404 0.0998042
0 0.500758 0.784811 0.11177 0.114302
0 0.590779 0.484824 0.0980049 0.0981614
0 0.41893 0.88339 0.0979658 0.097523
0 0.392237 0.758775 0.0992061 0.0959396
0 0.654508 0.957316 0.112673 0.0853685
0 0.457466 0.190846 0.0869888 0.0848356
0 0.511201 0.942239 0.0689104 0.0700401
0 0.838074 0.705029 0.0791905 0.0791467
0 0.268614 0.17698 0.0952356 0.0973267
0 0.652817 0.834012 0.0867456 0.0870162
0 0.565047 0.400716 0.080737 0.0791912
0 0.783361 0.694082 0.0868803 0.086569
0 0.509974 0.436886 0.0956075 0.0964579
0 0.511063 0.546266 0.0727358 0.0737044
0 0.298516 0.539727 0.0954687 0.0951437
0 0.947807 0.288915 0.0814966 0.0828181
0 0.519449 0.302446 0.0777392 0.0797674
0 0.598145 0.588235 0.108309 0.108194
0 0.522227 0.117832 0.0681574 0.0683704
0 0.364372 0.685047 0.0728448 0.0746353
0 0.599519 0.177834 0.076993 0.0791308
0 0.350154 0.684973 0.0731214 0.0727535
0 0.608425 0.223552 0.0830958 0.0808631
0 0.407771 0.761081 0.0969838 0.0972827
0 0.641707 0.331051 0.0776896 0.076355
0 0.446644 0.982632 0.0800755 0.0347357
0 0.305816 0.632961 0.0608359 0.061112
0 0.526305 0.942306 0.07047 0.0698382
0 0.533105 0.303357 0.0772009 0.0779231
0 0.813832 0.784252 0.0619574 0.0606916
0 0.594749 0.222384 0.0826792 0.0821002
0 0.739538 0.85185 0.0766931 0.0774939
0 0.753954 0.851631 0.07775 0.0788025
0 0.733231 0.629575 0.0442833 0.0449079
0 0.167824 0.359521 0.0951678 0.093056
0 0.719647 0.629877 0.0455873 0.0451586
0 0.586741 0.0603245 0.0792588 0.0801062
0 0.655857 0.330951 0.0760088 0.0752287
0 0.806106 0.225868 0.0616331 0.0621412
0 0.4971 0.545899 0.0720678 0.0724294
0 0.712092 0.0533069 0.0853502 0.0873914
0 0.799623 0.783869 0.0618181 0.06151
0 0.57248 0.0602672 0.0796052 0.0800074
0 0.320127 0.633035 0.0611161 0.0601018
0 0.143893 0.696402 0.0787606 0.078854
0 0.727957 0.0536704 0.085896 0.087859
0 0.423372 0.64003 0.0625001 0.0609154
0 0.344409 0.369029 0.0537207 0.0532258
0 0.824894 0.703803 0.0762386 0.0771154
0 0.909428 0.759377 0.06432 0.0650383
0 0.754693 0.744239 0.0531292 0.0524946
0 0.895274 0.759121 0.0645185 0.0650716
0 0.740927 0.744415 0.0529735 0.0515544
0 0.584921 0.176886 0.0750516 0.0762332
0 0.409452 0.63953 0.0613248 0.0617984
0 0.508118 0.118233 0.0682571 0.067306
0 0.449996 0.550669 0.0669828 0.0677902
0 0.223109 0.590836 0.0711273 0.0709079
0 0.164505 0.475332 0.049852 0.0498929
0 0.79223 0.226193 0.0626629 0.062258
0 0.962335 0.8231 0.0748207 0.121943
0 0.792563 0.0780747 0.093501 0.0969962
0 0.435936 0.551723 0.0679049 0.0691144
0 0.968584 0.166319 0.0626629 0.0751983
0 0.25028 0.118902 0.0777556 0.0777116
0 0.348872 0.320655 0.0415907 0.0428145
0 0.4942 0.0606748 0.0695115 0.0681164
0 0.163505 0.3928 0.0669343 0.0676853
0 0.330003 0.369339 0.0529687 0.0524678
0 0.209814 0.590773 0.0715456 0.0709803
0 0.361918 0.320176 0.0444134 0.0430799
0 0.401553 0.118174 0.0607485 0.0623563
0 0.445876 0.694005 0.0473304 0.0477219
0 0.0884971 0.414159 0.0898232 0.0907083
0 0.0272308 0.974381 0.0544616 0.0504424
0 0.459125 0.693901 0.0459087 0.0470929
0 0.244202 0.527229 0.045881 0.0452455
0 0.151609 0.476197 0.0494653 0.0494653
0 0.235513 0.11938 0.0770257 0.0767462
0 0.219021 0.0414484 0.0822267 0.0790296
0 0.129529 0.696587 0.081632 0.0810727
0 0.106936 0.179274 0.0767832 0.076772
0 0.879828 0.605204 0.0461275 0.0457364
0 0.550876 0.401426 0.0802621 0.0789268
0 0.758199 0.449647 0.0749456 0.073341
0 0.620104 0.2901 0.0460072 0.0481086
0 0.865387 0.60482 0.0457825 0.0455981
0 0.14957 0.391399 0.0684615 0.0681227
0 0.47928 0.0595131 0.0694421 0.0718018
0 0.710572 0.377198 0.067989 0.0672035
0 0.0832859 0.13614 0.0882737 0.0928866
0 0.387039 0.117422 0.0614956 0.0624201
0 0.697527 0.376504 0.0692959 0.0688512
0 0.0325413 0.979565 0.0632224 0.040871
0 0.744185 0.450093 0.073346 0.0742486
0 0.230088 0.527653 0.0471223 0.046255
0 0.969638 0.500202 0.0604691 0.0674839
0 0.655332 0.29666 0.0671408 0.0713641
0 0.348371 0.111002 0.0725119 0.0726365
0 0.100609 0.41936 0.0836969 0.0825555
0 0.436948 0.346967 0.0626946 0.0625765
0 0.577392 0.984905 0.111273 0.0301899
0 0.605906 0.289788 0.049557 0.0492124
0 0.335066 0.111655 0.0714965 0.0721515
0 0.311963 0.308335 0.0719635 0.0721756
0 0.840461 0.172534 0.0438063 0.0443647
0 0.918403 0.505174 0.0617935 0.0615793
0 0.569399 0.988018 0.10917 0.023725
0 0.20408 0.0412231 0.0808027 0.0814752
0 0.251334 0.0106644 0.0536933 0.0210123
0 0.9379 0.984562 0.103842 0.0308769
0 0.909355 0.34209 0.0635593 0.0629699
0 0.154791 0.356562 0.0862392 0.085498
0 0.424574 0.313742 0.0691462 0.0699592
0 0.265277 0.00990144 0.0545021 0.0196085
0 0.731419 0.215619 0.0733083 0.0748046
0 0.905022 0.505183 0.0619255 0.0620662
0 0.117434 0.183811 0.0761431 0.0767078
0 0.18404 0.306604 0.0769122 0.0742412
0 0.923313 0.341161 0.0641064 0.0632766
0 0.571766 0.980487 0.11715 0.0390258
0 0.175473 0.312834 0.0784813 0.076115
0 0.298746 0.307223 0.0700553 0.0706205
0 0.364024 0.252963 0.0454571 0.0446798
0 0.927065 0.987603 0.0914101 0.0247936
0 0.351351 0.254483 0.0443055 0.0460599
0 0.94705 0.979864 0.105266 0.0402721
0 0.949268 0.971946 0.099334 0.0561085
0 0.422874 0.346891 0.0624792 0.0621728
0 0.412998 0.31259 0.0708874 0.0713312
0 0.0390042 0.975477 0.0750087 0.0488715
0 0.549465 0.98882 0.100406 0.021873
0 0.66659 0.292254 0.0709164 0.0710447
0 0.826519 0.174482 0.043964 0.0430738
0 0.0113544 0.578764 0.022652 0.0860479
0 0.232773 0.24293 0.0638581 0.0664006
0 0.595759 0.985485 0.118118 0.02903
