0 0.930961 0.948429 0.138077 0.103141
0 0.70988 0.498841 0.139818 0.139614
0 0.807538 0.29703 0.109115 0.10819
0 0.853069 0.512658 0.117378 0.115116
0 0.646692 0.890739 0.146495 0.149354
0 0.31734 0.958446 0.116305 0.0831085
0 0.550589 0.680322 0.139553 0.138161
0 0.705576 0.678865 0.109754 0.108691
0 0.595124 0.34601 0.0996109 0.10184
0 0.942414 0.643169 0.115171 0.133221
0 0.770725 0.621039 0.104231 0.103298
0 0.73108 0.251401 0.105351 0.104319
0 0.285344 0.822898 0.128946 0.128437
0 0.369388 0.0600721 0.117846 0.112352
0 0.424231 0.976196 0.132885 0.0476076
0 0.254445 0.425739 0.121115 0.122615
0 0.505009 0.0532158 0.113143 0.101658
0 0.0261599 0.963169 0.0523198 0.0715146
0 0.25882 0.0565779 0.108482 0.106633
0 0.160484 0.590705 0.0876168 0.0881981
0 0.387713 0.758405 0.0919307 0.0923625
0 0.951313 0.5946 0.0955463 0.101747
0 0.553404 0.974063 0.117858 0.0518737
0 0.124813 0.657928 0.0887098 0.0905589
0 0.163105 0.510679 0.100345 0.0975016
0 0.511699 0.248367 0.112501 0.11519
0 0.330192 0.317293 0.084892 0.0843778
0 0.0138548 0.960842 0.0277095 0.073092
0 0.500132 0.851287 0.119168 0.122205
0 0.522446 0.352198 0.102523 0.10405
0 0.411786 0.338078 0.105201 0.104982
0 0.495922 0.575555 0.103549 0.102986
0 0.40914 0.863359 0.0980946 0.0995903
0 0.358745 0.258217 0.0853015 0.0852074
0 0.662275 0.380684 0.0927612 0.0946206
0 0.0339904 0.967528 0.0668906 0.0648928
0 0.305833 0.642046 0.0946016 0.0957789
0 0.572786 0.455203 0.057807 0.0574652
0 0.113153 0.545426 0.0852975 0.0844472
0 0.166508 0.725842 0.064846 0.0643603
0 0.741885 0.150254 0.0977491 0.0984616
0 0.477682 0.709566 0.0597275 0.0596804
0 0.315499 0.317082 0.0829396 0.0844752
0 0.437107 0.646814 0.0860992 0.0865368
0 0.938422 0.785357 0.113693 0.112083
0 0.627263 0.645249 0.0658939 0.0648699
0 0.208017 0.79223 0.0753521 0.0748731
0 0.122788 0.182468 0.108754 0.110447
0 0.640139 0.645102 0.0647162 0.0650208
0 0.559483 0.454547 0.0570084 0.0568094
0 0.528445 0.436963 0.0550325 0.0538151
0 0.343385 0.259582 0.0855673 0.0869539
0 0.152346 0.726508 0.0643915 0.0640344
0 0.463612 0.708619 0.0604189 0.059619
0 0.194253 0.791187 0.0746365 0.0739916
0 0.100209 0.547111 0.0807804 0.0803419
0 0.515609 0.43697 0.0547211 0.0542571
0 0.954002 0.971715 0.0884476 0.0565694
0 0.78255 0.795376 0.0615597 0.061465
0 0.0351815 0.719816 0.070363 0.141941
0 0.649289 0.265257 0.0582146 0.0584593
0 0.843661 0.351786 0.0610649 0.0616669
0 0.80455 0.731165 0.0768744 0.0758972
0 0.722079 0.78181 0.050029 0.050367
0 0.80358 0.0487659 0.134572 0.0975317
0 0.244544 0.264213 0.0783714 0.0773239
0 0.681416 0.14743 0.0588304 0.0562471
0 0.634952 0.265393 0.0585226 0.059084
0 0.974168 0.965615 0.051223 0.0657436
0 0.965783 0.974339 0.0683111 0.050176
0 0.54174 0.978922 0.110352 0.0421563
0 0.942826 0.120817 0.0870209 0.0920855
0 0.828456 0.352491 0.0613582 0.0612523
0 0.6665 0.14883 0.0593853 0.0598656
0 0.0279178 0.708925 0.0558357 0.133915
0 0.231232 0.263185 0.0787728 0.0779515
0 0.133447 0.191952 0.106773 0.104657
0 0.959214 0.962644 0.0809305 0.0722046
0 0.451507 0.646698 0.0878723 0.088929
0 0.607899 0.159167 0.0647429 0.063414
0 0.0419496 0.961753 0.083581 0.0741449
0 0.0377141 0.891119 0.0467636 0.0461924
0 0.793473 0.794267 0.0648034 0.0625872
0 0.592908 0.159246 0.0638453 0.0636139
0 0.711086 0.782777 0.0502079 0.0503301
0 0.0252865 0.890936 0.0455577 0.0459974
0 0.556287 0.982239 0.121016 0.0355212
0 0.448096 0.109596 0.0549367 0.0513766
0 0.421385 0.984358 0.119076 0.0312833
0 0.299745 0.434686 0.0567464 0.0576771
0 0.0157066 0.386532 0.031265 0.0762657
0 0.0493535 0.9736 0.0987069 0.0528011
0 0.0207849 0.701638 0.0415699 0.119682
0 0.435003 0.110765 0.0541185 0.0532657
0 0.730014 0.15713 0.0922146 0.0938871
0 0.528166 0.983685 0.111937 0.0326293
0 0.0923835 0.326934 0.0859349 0.0860358
0 0.494148 0.979184 0.122417 0.0416323
0 0.286512 0.434393 0.0575886 0.0568606
0 0.945334 0.977223 0.101443 0.0453934
0 0.929299 0.96616 0.141401 0.0676797
0 0.0260713 0.33938 0.0520378 0.0866426
0 0.106436 0.331149 0.0848595 0.0846559
0 0.426391 0.121424 0.0538568 0.05472
0 0.793697 0.226138 0.0454954 0.0457826
0 0.921188 0.0194202 0.062685 0.038742
0 0.018477 0.0314667 0.0369183 0.0621057
0 0.0254332 0.0333143 0.0507411 0.0659124
0 0.641932 0.985071 0.108442 0.0298581
0 0.520139 0.978546 0.122253 0.0429071
0 0.0108252 0.383064 0.0216504 0.0770479
0 0.203851 0.0538612 0.0625461 0.0633704
0 0.493459 0.984706 0.108919 0.0305649
0 0.782143 0.226218 0.0487345 0.0492395
0 0.817806 0.0377799 0.111191 0.0755599
0 0.0563527 0.981335 0.100829 0.0373294
0 0.614009 0.985823 0.104893 0.0283543
0 0.572721 0.10647 0.0527943 0.0556737
