0 0.416644 0.683158 0.190241 0.188441
0 0.890044 0.925161 0.205442 0.147088
0 0.476684 0.922385 0.216201 0.149644
0 0.85847 0.676605 0.17186 0.170329
0 0.576409 0.567939 0.169602 0.171024
0 0.570613 0.849333 0.155569 0.154299
0 0.274517 0.400416 0.185107 0.183599
0 0.785808 0.350474 0.175936 0.179732
0 0.36095 0.317132 0.174585 0.170713
0 0.224748 0.911379 0.268933 0.174414
0 0.608945 0.116119 0.197458 0.200555
0 0.0620025 0.939041 0.12369 0.121917
0 0.0884014 0.918311 0.176066 0.16112
0 0.0386757 0.955066 0.0773513 0.0886673
0 0.450723 0.193477 0.139211 0.139344
0 0.667264 0.463973 0.143407 0.14496
0 0.0537867 0.95122 0.107415 0.097036
0 0.726479 0.571432 0.139579 0.138955
0 0.900364 0.892096 0.197618 0.215809
0 0.106402 0.89971 0.211871 0.20058
0 0.931243 0.909621 0.135911 0.180757
0 0.865363 0.860569 0.269274 0.278137
0 0.140623 0.860359 0.281246 0.279282
0 0.0634305 0.967856 0.123986 0.0642885
0 0.176249 0.815473 0.352498 0.365111
0 0.831411 0.839753 0.33678 0.320494
0 0.951278 0.317393 0.0969132 0.11725
0 0.0902402 0.947963 0.17498 0.10369
0 0.147942 0.914917 0.295884 0.170165
0 0.514538 0.497534 0.068104 0.0674398
0 0.0787019 0.962509 0.157404 0.0739039
0 0.49914 0.497006 0.0686953 0.0688876
0 0.0760409 0.973066 0.152082 0.0532236
0 0.94735 0.920585 0.104909 0.15883
0 0.964734 0.954154 0.0691914 0.0915192
0 0.959031 0.97288 0.0819373 0.0534944
0 0.0721262 0.968616 0.144252 0.0624353
0 0.822639 0.909185 0.353601 0.18163
0 0.233511 0.769948 0.467022 0.460104
0 0.0324521 0.0313517 0.0647558 0.0625518
0 0.967636 0.0259062 0.0636337 0.0518123
0 0.951718 0.962227 0.0955467 0.0755456
0 0.0742158 0.953719 0.148432 0.0925629
0 0.930947 0.947201 0.138107 0.104161
0 0.0296538 0.0489594 0.0588915 0.0954364
0 0.0300446 0.937265 0.0600893 0.125471
0 0.971656 0.0483175 0.0566877 0.0927172
0 0.561207 0.830578 0.135613 0.13549
0 0.982551 0.0494913 0.0348976 0.0896164
0 0.785787 0.328975 0.15467 0.157561
0 0.972061 0.0332492 0.0556519 0.0660568
0 0.809333 0.786619 0.381334 0.426762
0 0.0514832 0.916373 0.102966 0.161543
0 0.240048 0.843958 0.476391 0.312084
0 0.0370148 0.0224523 0.0734531 0.0449047
0 0.962365 0.0355424 0.0747372 0.0709728
