0 0.864091 0.778437 0.212288 0.20281
0 0.630471 0.510128 0.176891 0.176303
0 0.532962 0.371613 0.112572 0.11216
0 0.0550503 0.938507 0.10986 0.122986
0 0.238124 0.199308 0.126712 0.126041
0 0.360445 0.563011 0.112131 0.111442
0 0.0791846 0.925435 0.158369 0.149131
0 0.411851 0.34558 0.150632 0.151228
0 0.0367951 0.949932 0.0735901 0.0982793
0 0.288901 0.283595 0.134178 0.136123
0 0.0534423 0.955668 0.106052 0.0886649
0 0.949648 0.568623 0.100704 0.150329
0 0.931861 0.944893 0.135683 0.110213
0 0.75397 0.610888 0.128837 0.131122
0 0.493068 0.953993 0.248217 0.092014
0 0.391578 0.678766 0.143739 0.139806
0 0.958603 0.962587 0.0816803 0.0747452
0 0.164005 0.753709 0.172143 0.168604
0 0.541701 0.227137 0.114927 0.115155
0 0.220161 0.475453 0.163578 0.164036
0 0.968483 0.955962 0.0621944 0.0866791
0 0.915796 0.931576 0.166203 0.136832
0 0.862711 0.326709 0.127155 0.12896
0 0.0353729 0.96492 0.0707457 0.0696078
0 0.102471 0.894954 0.203793 0.210092
0 0.960069 0.403663 0.079863 0.105616
0 0.179594 0.930961 0.185273 0.137517
0 0.0485599 0.966776 0.0952105 0.0664487
0 0.937916 0.959343 0.12327 0.0812937
0 0.679801 0.975291 0.144834 0.0494186
0 0.132948 0.0715215 0.125643 0.123994
0 0.130391 0.858748 0.260781 0.282505
0 0.398218 0.937754 0.0838361 0.0795286
0 0.953049 0.952663 0.0928612 0.0928876
0 0.913689 0.960757 0.171579 0.0784868
0 0.0824213 0.952489 0.164843 0.0950211
0 0.898103 0.912606 0.203465 0.173083
0 0.0405357 0.188064 0.0808294 0.156944
0 0.946061 0.970054 0.106886 0.0598919
0 0.962055 0.937308 0.0757689 0.125384
0 0.25695 0.97351 0.164181 0.0526471
0 0.311333 0.4833 0.0794823 0.0800304
0 0.0649033 0.462526 0.129497 0.156658
0 0.0577178 0.973743 0.113131 0.0522476
0 0.881651 0.938851 0.235859 0.121855
0 0.133963 0.335075 0.0941102 0.0935527
0 0.9484 0.555686 0.103199 0.110807
0 0.739894 0.620884 0.124631 0.124221
0 0.255889 0.980712 0.15402 0.0384405
0 0.295545 0.480011 0.0816119 0.0819033
0 0.056302 0.670568 0.112604 0.177205
0 0.91894 0.366155 0.0833099 0.0842811
0 0.464064 0.451758 0.107577 0.105394
0 0.315208 0.930526 0.110293 0.11526
0 0.955258 0.923689 0.0889763 0.147962
0 0.0345528 0.17057 0.0691055 0.146306
0 0.965356 0.390024 0.0686409 0.109907
0 0.898429 0.969798 0.203143 0.0604043
0 0.172874 0.813951 0.345748 0.36699
0 0.494556 0.938235 0.272131 0.12353
0 0.926233 0.973631 0.142698 0.0523877
0 0.0239706 0.0352277 0.0477639 0.0692936
0 0.108917 0.94275 0.217833 0.1145
0 0.0267469 0.94134 0.0534937 0.11732
0 0.0344346 0.0272515 0.0676984 0.0541787
0 0.910151 0.976555 0.179697 0.0464267
