0 0.874366 0.726631 0.0863201 0.0885112
0 0.947497 0.844286 0.0805161 0.0801984
0 0.942666 0.586387 0.084869 0.0860172
0 0.187073 0.43511 0.0976673 0.0978534
0 0.280372 0.979213 0.0962995 0.0415732
0 0.850062 0.257977 0.0746738 0.0761068
0 0.24239 0.75051 0.101845 0.101071
0 0.750408 0.913308 0.0824498 0.0852656
0 0.0265352 0.787749 0.0529788 0.0789955
0 0.463115 0.608752 0.0869123 0.0854884
0 0.791724 0.205397 0.0714607 0.0714899
0 0.63912 0.985676 0.0927343 0.0286477
0 0.568543 0.632569 0.0879437 0.0870369
0 0.112185 0.804529 0.0980402 0.0965747
0 0.282685 0.467703 0.0671667 0.0659721
0 0.456208 0.247387 0.0930613 0.092346
0 0.64798 0.81003 0.0918472 0.092335
0 0.420922 0.450992 0.0565315 0.0569527
0 0.11726 0.258912 0.10131 0.103569
0 0.209853 0.867103 0.092636 0.0926384
0 0.656153 0.560331 0.0603979 0.0609578
0 0.347603 0.699783 0.0713208 0.0705172
0 0.494851 0.351916 0.0739454 0.0742374
0 0.529917 0.147651 0.0722577 0.072955
0 0.294032 0.867631 0.105162 0.106836
0 0.594254 0.381913 0.0728548 0.0727196
0 0.462371 0.8396 0.0657404 0.0665207
0 0.445292 0.743831 0.0479765 0.0484141
0 0.809265 0.376793 0.0731993 0.0729505
0 0.821411 0.582683 0.0837353 0.0833998
0 0.94714 0.450674 0.0746651 0.0758511
0 0.394074 0.790676 0.0967815 0.0961847
0 0.496869 0.500352 0.0513306 0.0518342
0 0.125454 0.513505 0.0736953 0.0731386
0 0.207371 0.155468 0.0744709 0.0734945
0 0.404954 0.909504 0.082988 0.082946
0 0.181441 0.729988 0.057934 0.0586308
0 0.536402 0.437009 0.0441109 0.044335
0 0.336542 0.380167 0.0877755 0.0891925
0 0.342338 0.964345 0.0710035 0.0691717
0 0.478064 0.609326 0.0865403 0.086599
0 0.254446 0.377685 0.0827536 0.0836595
0 0.522008 0.436984 0.0447578 0.0450684
0 0.335968 0.524965 0.066699 0.066842
0 0.431943 0.685025 0.0481033 0.0474145
0 0.240866 0.379148 0.0842538 0.0833269
0 0.64366 0.433416 0.0795252 0.07975
0 0.333535 0.699869 0.072189 0.0712026
0 0.711773 0.581039 0.0483137 0.0486946
0 0.283111 0.186727 0.0764065 0.0752468
0 0.071821 0.337898 0.0454342 0.0457068
0 0.657704 0.432878 0.0795771 0.0795437
0 0.268484 0.46734 0.0655181 0.0670478
0 0.497245 0.773229 0.0605272 0.0615051
0 0.282512 0.648388 0.058974 0.0589302
0 0.321445 0.381483 0.0870476 0.0875155
0 0.480994 0.70067 0.0550463 0.0560555
0 0.655392 0.907829 0.0749573 0.0752839
0 0.448932 0.838852 0.0657892 0.0647837
0 0.402037 0.566816 0.0558837 0.0567947
0 0.69832 0.580727 0.0478253 0.0483025
0 0.566229 0.784138 0.0521822 0.0516978
0 0.415219 0.237497 0.0747684 0.0738639
0 0.0368921 0.325341 0.0687045 0.0667276
0 0.399434 0.658138 0.0515397 0.0518809
0 0.494896 0.700956 0.0561153 0.0565226
0 0.267963 0.647838 0.0582225 0.0590609
0 0.150367 0.663116 0.0651464 0.0644824
0 0.510801 0.773626 0.0606897 0.0608549
0 0.388269 0.0768881 0.0770186 0.0782202
0 0.702031 0.324501 0.080265 0.0783567
0 0.670062 0.56087 0.0603456 0.06128
0 0.322381 0.524185 0.066778 0.0670214
0 0.264165 0.978452 0.0982732 0.0430964
0 0.582399 0.901175 0.0823515 0.0833068
0 0.416408 0.566812 0.0567459 0.057076
0 0.537394 0.527468 0.0606649 0.0602613
0 0.356305 0.964827 0.0705873 0.0689405
0 0.444701 0.685186 0.0475101 0.0468786
0 0.543464 0.147172 0.0734699 0.0735623
0 0.31617 0.104843 0.0724431 0.074246
0 0.21368 0.635755 0.0891622 0.0882896
0 0.633773 0.646176 0.0944811 0.0937325
0 0.0361499 0.399128 0.0682765 0.0693965
0 0.460139 0.742864 0.048444 0.048749
0 0.38482 0.658354 0.0518884 0.0520693
0 0.451931 0.51563 0.0583185 0.0593253
0 0.371783 0.460937 0.0418153 0.0426253
0 0.580776 0.381548 0.0735353 0.0728655
0 0.550893 0.527466 0.0606271 0.060748
0 0.407675 0.450761 0.0560709 0.0575871
0 0.567777 0.90184 0.0833775 0.0827828
0 0.330446 0.1056 0.0744436 0.0743513
0 0.573683 0.479672 0.0557817 0.0555244
0 0.31144 0.278536 0.0669988 0.0682912
0 0.194504 0.15559 0.0742221 0.0749855
0 0.196959 0.73007 0.0592429 0.0583253
0 0.402749 0.0775948 0.077503 0.0782834
0 0.524286 0.913588 0.0676545 0.0686469
0 0.551744 0.784494 0.0516756 0.0515539
0 0.437531 0.51562 0.0588247 0.0604009
0 0.601956 0.552645 0.0791977 0.0781995
0 0.508558 0.351703 0.0747469 0.0754236
0 0.510509 0.499671 0.0495249 0.0513173
0 0.327104 0.772386 0.0415814 0.0405265
0 0.358725 0.46202 0.041536 0.0417433
0 0.398825 0.237085 0.0726497 0.0736133
0 0.228903 0.636398 0.0894412 0.0892866
0 0.796448 0.376552 0.0736563 0.0734374
0 0.719575 0.806958 0.0738799 0.0739759
0 0.269929 0.18765 0.0743929 0.0745885
0 0.0281691 0.484272 0.0561203 0.0716063
0 0.668525 0.351929 0.0713062 0.0739914
0 0.393673 0.711929 0.0299838 0.0299038
0 0.78486 0.504536 0.0713645 0.0716876
0 0.56085 0.479345 0.0565538 0.0554211
0 0.705816 0.489917 0.0739598 0.0726766
0 0.692277 0.49036 0.0735819 0.0730685
0 0.136254 0.66292 0.0650624 0.0652542
0 0.771425 0.504527 0.071862 0.0725485
0 0.731711 0.44714 0.0612743 0.0617868
0 0.640669 0.906686 0.0739124 0.0738833
0 0.0183157 0.978564 0.0366314 0.0417119
0 0.367624 0.58745 0.0510925 0.0505432
0 0.0951748 0.589908 0.0592012 0.0586405
0 0.111611 0.513958 0.0724117 0.0719409
0 0.246824 0.210927 0.0443798 0.046442
0 0.407439 0.711949 0.0284109 0.0295296
0 0.51016 0.91355 0.0686997 0.0681522
0 0.325273 0.276918 0.065261 0.0699919
0 0.135588 0.180745 0.0837908 0.0834357
0 0.722209 0.191984 0.0813147 0.0826062
0 0.271153 0.600029 0.0395948 0.039867
0 0.353827 0.587251 0.051877 0.0500409
0 0.513672 0.839275 0.0493351 0.049142
0 0.260367 0.210878 0.0469533 0.0459659
0 0.465422 0.0930332 0.082759 0.0819725
0 0.839741 0.127461 0.0726555 0.073417
0 0.390132 0.30729 0.060718 0.0623853
0 0.852232 0.127408 0.0716345 0.0722328
0 0.591787 0.720512 0.0488589 0.0492909
0 0.527773 0.839745 0.0494935 0.048526
0 0.284913 0.600128 0.0399154 0.0412487
0 0.08076 0.589329 0.060872 0.0602389
0 0.79282 0.788471 0.0465258 0.0472104
0 0.731272 0.707289 0.0506262 0.0497503
0 0.312671 0.772077 0.0413007 0.0406568
0 0.779336 0.788452 0.0469839 0.0469602
0 0.865705 0.353732 0.0475101 0.0484896
0 0.649747 0.647184 0.0932357 0.0938455
0 0.395094 0.433224 0.0395247 0.0387847
0 0.801109 0.858187 0.0607292 0.0597692
0 0.578835 0.720602 0.050091 0.0487518
0 0.0568437 0.336809 0.0465423 0.0467609
0 0.628097 0.983329 0.0961937 0.0333422
0 0.715626 0.708333 0.0497147 0.049043
0 0.47879 0.0945842 0.0849693 0.0854476
0 0.729765 0.987776 0.0823732 0.0244479
0 0.704998 0.807452 0.0754466 0.0744785
0 0.719881 0.447391 0.0606173 0.0630969
0 0.970618 0.970273 0.0575333 0.0591456
0 0.787412 0.858074 0.0594318 0.0591618
0 0.420105 0.327594 0.0389755 0.0377276
0 0.456967 0.32 0.036795 0.038441
0 0.71615 0.323667 0.0778263 0.0773055
0 0.337593 0.292448 0.040116 0.0402281
0 0.849932 0.894965 0.0676018 0.0688291
0 0.376369 0.306877 0.0605933 0.0611652
0 0.180559 0.346344 0.0391451 0.0400832
0 0.0129329 0.978654 0.0258659 0.0410814
0 0.178565 0.225693 0.0343249 0.0340214
0 0.587984 0.552696 0.0796364 0.0770276
0 0.406747 0.326916 0.0372014 0.0383808
0 0.271815 0.106847 0.0476069 0.0488778
0 0.443185 0.319476 0.035772 0.0374257
0 0.85251 0.354492 0.046904 0.0473799
0 0.717832 0.986333 0.0855689 0.0273347
0 0.855036 0.819938 0.051292 0.0505062
0 0.219521 0.960241 0.0474102 0.0474812
0 0.883376 0.263537 0.0720078 0.0694359
0 0.731338 0.152253 0.0742785 0.0747142
0 0.277869 0.321866 0.0392232 0.0379962
0 0.958908 0.332653 0.0487019 0.0484395
0 0.785403 0.981335 0.0756839 0.0368397
0 0.946299 0.332527 0.0492252 0.0486496
0 0.419126 0.909591 0.085343 0.085047
0 0.383884 0.432905 0.040017 0.0401796
0 0.736048 0.19244 0.0805551 0.0803024
0 0.264876 0.320493 0.0395537 0.0381888
0 0.205734 0.959567 0.0473704 0.0473087
0 0.804851 0.440563 0.0503826 0.0519632
0 0.583956 0.333272 0.0385107 0.0401088
0 0.314558 0.325404 0.041784 0.0410202
0 0.166657 0.345566 0.0394242 0.0400295
0 0.121847 0.181074 0.0807666 0.0815421
0 0.790965 0.439634 0.0512173 0.0520682
0 0.0136155 0.697787 0.0269677 0.062925
0 0.840648 0.819003 0.0545923 0.0529142
0 0.352192 0.291881 0.0346894 0.0362656
0 0.25642 0.105623 0.0490732 0.0488468
0 0.864441 0.164348 0.0415894 0.0417117
0 0.911357 0.521784 0.0317657 0.0313286
0 0.571352 0.132239 0.0407667 0.0439381
0 0.210679 0.0698692 0.0680068 0.066835
0 0.898573 0.522556 0.0307487 0.0314503
0 0.300386 0.326058 0.0408788 0.0400864
0 0.588343 0.133351 0.0369829 0.0386006
0 0.582307 0.131696 0.0413736 0.0409934
0 0.655738 0.191145 0.0306666 0.0321161
0 0.146505 0.987256 0.0585627 0.0254888
0 0.28553 0.0349082 0.0443748 0.0426378
0 0.569117 0.331387 0.0370383 0.0372824
0 0.668147 0.0735469 0.0652803 0.0646596
0 0.38193 0.345957 0.0393832 0.0418657
0 0.164848 0.226251 0.0339552 0.0330629
0 0.962863 0.962829 0.073764 0.0743415
0 0.604661 0.134688 0.0336328 0.0359263
0 0.913864 0.776024 0.0531385 0.0521538
0 0.540488 0.978607 0.079101 0.0421277
0 0.143166 0.360937 0.0453418 0.0457855
0 0.696896 0.413572 0.0421289 0.0443859
0 0.670759 0.191006 0.0318116 0.0335753
0 0.962651 0.544834 0.0693706 0.0675905
0 0.902905 0.775948 0.0536816 0.0530009
0 0.195486 0.06996 0.0693929 0.0673691
0 0.73498 0.390277 0.0406536 0.0415744
0 0.853788 0.163719 0.0446484 0.0426586
0 0.977637 0.973109 0.044603 0.0531821
0 0.838715 0.894112 0.0657387 0.0682892
0 0.0569044 0.593181 0.0513027 0.0538704
0 0.3699 0.344824 0.0405969 0.042568
0 0.544124 0.351697 0.0477297 0.0487757
0 0.00744964 0.697285 0.0148993 0.0630343
0 0.682448 0.415072 0.0420255 0.0431629
0 0.653937 0.0741474 0.0646986 0.0644414
0 0.875928 0.977676 0.0601246 0.0434354
0 0.418644 0.985462 0.0753389 0.0290751
0 0.410106 0.987612 0.0674727 0.0247757
0 0.165758 0.124076 0.0491278 0.047749
0 0.555552 0.979364 0.0717014 0.0407861
0 0.760192 0.221234 0.0422586 0.0435098
0 0.128726 0.361005 0.0458411 0.0470234
0 0.719662 0.15201 0.0702444 0.0718667
0 0.270453 0.0366573 0.0443675 0.0431943
0 0.53113 0.350127 0.04624 0.0529873
0 0.151823 0.123329 0.0496729 0.0487645
0 0.613161 0.133603 0.0427733 0.0399887
0 0.514554 0.0105115 0.0757683 0.0209518
0 0.398845 0.988167 0.0750922 0.0236664
0 0.723544 0.391044 0.0425817 0.0425187
0 0.257038 0.982028 0.100549 0.0341113
0 0.534413 0.72564 0.0363638 0.0374189
0 0.405153 0.0140152 0.0766823 0.0279783
0 0.774485 0.980026 0.0758572 0.039948
0 0.870037 0.973518 0.0566082 0.0503304
