0 0.963481 0.972103 0.071439 0.0556728
0 0.974083 0.652289 0.0513636 0.0816751
0 0.674444 0.611755 0.0936458 0.0944263
0 0.252879 0.600495 0.0836886 0.0818495
0 0.574146 0.827579 0.0794529 0.07752
0 0.417688 0.691077 0.0952674 0.0940333
0 0.817844 0.508201 0.0536089 0.0536058
0 0.602839 0.612557 0.0771781 0.07569
0 0.644912 0.774602 0.05993 0.060251
0 0.551897 0.315379 0.070027 0.0706264
0 0.630499 0.775044 0.0589682 0.0610606
0 0.538579 0.315817 0.0696056 0.071249
0 0.520606 0.604408 0.0661134 0.0638878
0 0.603758 0.410793 0.059952 0.0597499
0 0.498627 0.86476 0.0869681 0.0866482
0 0.47298 0.979401 0.0857389 0.0410291
0 0.7092 0.793577 0.0869757 0.0870049
0 0.686464 0.974652 0.071875 0.0500989
0 0.666212 0.858235 0.0664341 0.065499
0 0.641461 0.521188 0.0860205 0.0860127
0 0.776099 0.539772 0.0639414 0.0644877
0 0.96542 0.150614 0.0691597 0.0778838
0 0.589095 0.827027 0.0808169 0.079436
0 0.915369 0.589022 0.0707142 0.0711189
0 0.805531 0.750081 0.0746306 0.074615
0 0.588865 0.612739 0.0756792 0.076769
0 0.216491 0.76838 0.0765706 0.0773216
0 0.455115 0.579889 0.0736744 0.0726435
0 0.34943 0.128122 0.066795 0.067702
0 0.630608 0.319404 0.0851933 0.0855056
0 0.44007 0.579468 0.0719548 0.0726512
0 0.831922 0.416244 0.0619923 0.0617706
0 0.600156 0.93726 0.09058 0.0905693
0 0.202586 0.768399 0.0766435 0.0763584
0 0.566278 0.481968 0.0651674 0.0656893
0 0.534805 0.604313 0.0654154 0.0653318
0 0.790655 0.751151 0.0747807 0.0740384
0 0.449249 0.0905332 0.0730438 0.0731168
0 0.549172 0.408476 0.0622896 0.0617158
0 0.479776 0.752549 0.079024 0.0798831
0 0.615292 0.319157 0.0831924 0.0834097
0 0.584245 0.737443 0.0485909 0.0485202
0 0.876715 0.814689 0.0766598 0.0767955
0 0.524938 0.960959 0.0631483 0.063914
0 0.495675 0.65382 0.0436262 0.0440475
0 0.896786 0.687552 0.0668127 0.0664083
0 0.65275 0.857969 0.0663177 0.0657887
0 0.705438 0.435678 0.0779483 0.0786053
0 0.681787 0.718216 0.049905 0.0489871
0 0.882415 0.687693 0.0672092 0.066199
0 0.31796 0.749846 0.0708243 0.0721883
0 0.589617 0.228246 0.0684303 0.0672887
0 0.368561 0.974075 0.0613872 0.0515006
0 0.463143 0.0902766 0.0733747 0.0737599
0 0.667363 0.717852 0.0498298 0.0497615
0 0.749924 0.580947 0.0460419 0.0453314
0 0.580525 0.482156 0.0654 0.0649963
0 0.534984 0.408501 0.0617394 0.0626929
0 0.48165 0.653738 0.044315 0.0435911
0 0.73705 0.698858 0.0636342 0.0642085
0 0.930618 0.783697 0.0859531 0.0856992
0 0.594031 0.143873 0.0747576 0.0739635
0 0.836589 0.735614 0.061264 0.0622598
0 0.493372 0.752359 0.0802898 0.0818832
0 0.732733 0.90364 0.0800148 0.0795097
0 0.19131 0.442773 0.0724087 0.0711975
0 0.621591 0.682436 0.0547938 0.0561961
0 0.720339 0.192617 0.0741493 0.0749481
0 0.786062 0.407783 0.0850203 0.0857122
0 0.388528 0.77435 0.0661711 0.0656693
0 0.787502 0.293948 0.0640434 0.0627689
0 0.0191156 0.679981 0.0382217 0.0481636
0 0.273922 0.876262 0.0783625 0.0780758
0 0.627262 0.520977 0.0843025 0.0837851
0 0.691281 0.435783 0.078137 0.0782653
0 0.487478 0.522387 0.0559352 0.0583913
0 0.595544 0.0328657 0.0607772 0.0611714
0 0.805565 0.851927 0.0732808 0.0736034
0 0.762613 0.539718 0.0650564 0.0640301
0 0.329705 0.841788 0.0712584 0.0725432
0 0.862318 0.815505 0.0773144 0.0783262
0 0.609742 0.0335119 0.0609758 0.0625507
0 0.723994 0.6991 0.0634529 0.0648855
0 0.43876 0.909458 0.0598187 0.0599143
0 0.424527 0.90968 0.0587963 0.0584376
0 0.206523 0.443226 0.0730174 0.0720626
0 0.521082 0.502718 0.0470163 0.0467609
0 0.118959 0.715563 0.0811484 0.0803223
0 0.335309 0.128276 0.067524 0.0665254
0 0.547066 0.761061 0.0327748 0.0335978
0 0.550933 0.188835 0.0579191 0.0576739
0 0.446171 0.190872 0.0705711 0.0719023
0 0.304115 0.750256 0.0699807 0.0710758
0 0.339591 0.653022 0.0844632 0.0839554
0 0.636304 0.682915 0.0561815 0.0558594
0 0.37215 0.350873 0.0862946 0.0865663
0 0.791117 0.85191 0.0729455 0.0736671
0 0.0876479 0.506252 0.0780863 0.0788584
0 0.539232 0.960794 0.0645365 0.0643495
0 0.68886 0.0835472 0.0761833 0.0777081
0 0.79011 0.641838 0.0815828 0.0826752
0 0.234597 0.974054 0.086907 0.0518921
0 0.736354 0.581198 0.0461357 0.045476
0 0.327546 0.533639 0.0757067 0.0768476
0 0.401823 0.161154 0.054808 0.0541054
0 0.837228 0.155419 0.0821724 0.0810447
0 0.774181 0.294898 0.0623869 0.0621373
0 0.770636 0.407043 0.0842175 0.0845095
0 0.804766 0.508461 0.0532684 0.0532187
0 0.461445 0.190877 0.0708183 0.0713566
0 0.512203 0.452012 0.0623498 0.0634611
0 0.574863 0.228235 0.067544 0.0678548
0 0.608268 0.141623 0.0737978 0.0738272
0 0.262627 0.388931 0.0755408 0.0740866
0 0.718687 0.903426 0.0797604 0.0798031
0 0.312986 0.533633 0.0747852 0.0761206
0 0.325276 0.652572 0.0842121 0.0825995
0 0.598977 0.737617 0.0476794 0.0473316
0 0.447656 0.780514 0.0441535 0.0444865
0 0.859731 0.604065 0.0719095 0.0737755
0 0.201871 0.910031 0.0426704 0.0435572
0 0.672921 0.974563 0.0690804 0.050852
0 0.398232 0.0709847 0.0663232 0.0662026
0 0.259963 0.876153 0.0785329 0.0785089
0 0.900767 0.588821 0.0699051 0.0704732
0 0.85166 0.154866 0.0830475 0.0816195
0 0.817643 0.416001 0.0609955 0.0631913
0 0.434243 0.404115 0.0508151 0.0516041
0 0.695981 0.298968 0.0660694 0.066719
0 0.499154 0.451881 0.0608446 0.0627993
0 0.267536 0.11868 0.0746077 0.0736801
0 0.112681 0.916481 0.0582527 0.058254
0 0.187858 0.909757 0.0438186 0.0441406
0 0.765043 0.168497 0.0438134 0.0432385
0 0.415913 0.161083 0.0543234 0.0546102
0 0.70687 0.191948 0.0740477 0.0754333
0 0.519902 0.218062 0.0549995 0.0557301
0 0.161934 0.842005 0.0617622 0.0609561
0 0.133364 0.574582 0.0753543 0.0758199
0 0.847023 0.603162 0.0734766 0.0752958
0 0.536502 0.188747 0.0562873 0.0573682
0 0.356071 0.973774 0.0621262 0.0517478
0 0.35692 0.351122 0.0857985 0.0855581
0 0.420262 0.404557 0.0508831 0.0517984
0 0.473898 0.407816 0.0484779 0.0486989
0 0.472991 0.521845 0.0564844 0.056504
0 0.618118 0.411272 0.0574289 0.0580775
0 0.468031 0.258522 0.0588404 0.0604533
0 0.402083 0.529571 0.0588783 0.0583326
0 0.562895 0.535321 0.0463719 0.0460813
0 0.486824 0.361535 0.0478708 0.0477064
0 0.57677 0.535268 0.0461226 0.0457177
0 0.431346 0.780708 0.0459913 0.0447306
0 0.415275 0.619976 0.0435287 0.0441172
0 0.362855 0.572198 0.0461114 0.0470275
0 0.266255 0.602252 0.0829676 0.0818563
0 0.927263 0.505886 0.0562042 0.0559595
0 0.501243 0.361922 0.0473285 0.0469331
0 0.453639 0.257854 0.0622263 0.063869
0 0.890166 0.985351 0.0814755 0.0292987
0 0.615241 0.938651 0.0917908 0.092925
0 0.908214 0.346129 0.0749271 0.0759103
0 0.374614 0.774223 0.0672151 0.0677616
0 0.94906 0.883635 0.0614122 0.0602352
0 0.535533 0.502072 0.0460571 0.045877
0 0.505197 0.217154 0.0548248 0.0560791
0 0.922661 0.346347 0.0738979 0.0750655
0 0.253092 0.118544 0.0748459 0.0731454
0 0.459322 0.980332 0.0877913 0.0390027
0 0.174427 0.348893 0.0696464 0.0692525
0 0.383763 0.0697905 0.069136 0.0672332
0 0.24663 0.388656 0.0748866 0.0750197
0 0.805244 0.0665353 0.056724 0.0573076
0 0.39911 0.483738 0.0725252 0.0722381
0 0.165479 0.953951 0.0693141 0.0671778
0 0.100237 0.916647 0.0588659 0.0579608
0 0.673043 0.0830797 0.0764078 0.0761848
0 0.908145 0.4531 0.0486099 0.0484642
0 0.400799 0.620065 0.0424563 0.0423659
0 0.903274 0.222544 0.0560232 0.0548146
0 0.387891 0.5293 0.060484 0.0605466
0 0.641936 0.0874134 0.0534395 0.0573007
0 0.118611 0.574956 0.0736561 0.0747932
0 0.488297 0.407895 0.0496218 0.0497176
0 0.1482 0.841598 0.060462 0.061171
0 0.803786 0.946467 0.0589792 0.0575623
0 0.941254 0.506116 0.0562626 0.0554106
0 0.710285 0.299801 0.066312 0.0638015
0 0.332439 0.210763 0.0735227 0.0736512
0 0.890568 0.0488442 0.0578548 0.0578125
0 0.308429 0.412996 0.0544469 0.0540576
0 0.460838 0.46204 0.0454288 0.0473297
0 0.323631 0.413645 0.0553864 0.0548453
0 0.751146 0.0670923 0.0674509 0.0672661
0 0.447432 0.462275 0.0451871 0.0473387
0 0.382779 0.483685 0.071024 0.0732131
0 0.209442 0.625115 0.0625168 0.0630575
0 0.797436 0.228492 0.0369862 0.0371398
0 0.790391 0.946479 0.0581041 0.0577231
0 0.0581163 0.770116 0.0546164 0.0548108
0 0.790513 0.0658609 0.0561824 0.0558464
0 0.250233 0.29806 0.0709993 0.0722684
0 0.934971 0.883545 0.059623 0.0605977
0 0.195658 0.624952 0.0634372 0.0641116
0 0.560217 0.760954 0.0334393 0.0343244
0 0.889797 0.222733 0.0563492 0.054489
0 0.189547 0.494647 0.0450682 0.0442673
0 0.40483 0.26546 0.0619188 0.0623574
0 0.191933 0.696732 0.046277 0.0456724
0 0.750908 0.169062 0.0424856 0.0415368
0 0.556236 0.0492206 0.0526603 0.054035
0 0.742681 0.296094 0.0422566 0.0481411
0 0.62912 0.0869075 0.056491 0.0577693
0 0.885515 0.131627 0.0599972 0.0602809
0 0.72102 0.521065 0.0561638 0.0564032
0 0.784237 0.228529 0.0369568 0.0376881
0 0.177505 0.953739 0.0682616 0.0672183
0 0.0432813 0.770293 0.0551041 0.0550967
0 0.347886 0.571913 0.0457127 0.0471998
0 0.317702 0.213196 0.0718033 0.0731931
0 0.824049 0.735792 0.0607231 0.0625539
0 0.444607 0.337471 0.0591881 0.0584669
0 0.364244 0.875588 0.0427516 0.042146
0 0.764801 0.0680357 0.0685864 0.0680195
0 0.0744439 0.506981 0.0764626 0.0774962
0 0.857928 0.320743 0.0506184 0.0503461
0 0.31216 0.485201 0.040033 0.0386233
0 0.17801 0.696551 0.0466275 0.0463175
0 0.705165 0.521265 0.056803 0.055792
0 0.23505 0.296472 0.0716722 0.0718044
0 0.429751 0.337613 0.0593334 0.0577361
0 0.895179 0.454067 0.0474361 0.0488409
0 0.916341 0.783916 0.0844528 0.0834315
0 0.76327 0.245948 0.035431 0.0339645
0 0.985848 0.535987 0.0283049 0.0373169
0 0.393787 0.916429 0.040001 0.0402933
0 0.267431 0.695689 0.0483753 0.0495372
0 0.391097 0.266458 0.0624548 0.0614477
0 0.319651 0.351703 0.0579466 0.057684
0 0.288738 0.939759 0.042756 0.0426671
0 0.494848 0.248602 0.0362928 0.0359083
0 0.844139 0.32062 0.0499823 0.0500553
0 0.214202 0.0530769 0.075204 0.0754207
0 0.515474 0.146343 0.0576196 0.0584504
0 0.481748 0.250178 0.0357225 0.036572
0 0.157651 0.316819 0.0648547 0.0669473
0 0.0917573 0.63544 0.0525329 0.0520149
0 0.876151 0.048505 0.0581032 0.0587687
0 0.676428 0.26767 0.036931 0.0378527
0 0.885177 0.902766 0.0667084 0.0627434
0 0.176097 0.494646 0.0459428 0.0452422
0 0.873766 0.131006 0.0589336 0.0603581
0 0.540991 0.048073 0.0560389 0.0563051
0 0.147188 0.627532 0.057077 0.0568967
0 0.0265075 0.680815 0.0458017 0.0466876
0 0.296895 0.485941 0.0402568 0.0415745
0 0.737369 0.981262 0.0521544 0.0370361
0 0.350472 0.875263 0.0425826 0.0428111
0 0.253525 0.695401 0.0471786 0.0493434
0 0.635929 0.441346 0.0374898 0.0398277
0 0.13472 0.627338 0.0571445 0.0566015
0 0.95395 0.415966 0.0404419 0.0401418
0 0.199092 0.0522871 0.0756341 0.0751772
0 0.850704 0.892591 0.0463177 0.0464236
0 0.837023 0.892533 0.0458965 0.0465167
0 0.870231 0.434984 0.0340765 0.0359974
0 0.57172 0.374039 0.0315763 0.0325418
0 0.275598 0.940018 0.0423505 0.0427437
0 0.72995 0.295757 0.0418812 0.0439508
0 0.628129 0.176747 0.0432186 0.0444929
0 0.161374 0.349536 0.0695081 0.0686389
0 0.880979 0.43679 0.0327353 0.0348151
0 0.91265 0.29449 0.0693672 0.0706625
0 0.380758 0.916585 0.0391399 0.0395986
0 0.408589 0.620684 0.041486 0.042026
0 0.135124 0.428763 0.0698291 0.0690304
0 0.750667 0.245568 0.0335574 0.0334736
0 0.642759 0.210711 0.040708 0.0406897
0 0.939271 0.41568 0.0410423 0.0411474
0 0.144457 0.317209 0.0658864 0.0678103
0 0.331026 0.350486 0.0564328 0.0599642
0 0.422368 0.494145 0.034413 0.0372584
0 0.0816456 0.635102 0.0531387 0.0522135
0 0.501169 0.145233 0.0565862 0.058128
0 0.62212 0.441281 0.0374939 0.040103
0 0.335819 0.027252 0.0564575 0.0526027
0 0.309352 0.98748 0.0504042 0.0244273
0 0.825872 0.0742602 0.0706192 0.0703016
0 0.585927 0.374033 0.0327397 0.0327305
0 0.663032 0.265821 0.0379265 0.0383172
0 0.478058 0.0321745 0.0461562 0.0476619
0 0.401336 0.228764 0.057725 0.055673
0 0.978098 0.536556 0.0374142 0.0375608
0 0.492516 0.0300082 0.0440898 0.0474512
0 0.274193 0.56892 0.057865 0.0524016
0 0.071734 0.787132 0.0347773 0.0340022
0 0.0806769 0.787558 0.0330593 0.0322197
0 0.321463 0.0272862 0.0534608 0.0522531
0 0.628532 0.211092 0.0403973 0.0427599
0 0.983153 0.407878 0.0336941 0.091363
