0 0.239186 0.808154 0.181358 0.175268
0 0.936549 0.689785 0.126303 0.148999
0 0.174136 0.6135 0.148686 0.148989
0 0.251936 0.24498 0.151534 0.150631
0 0.334557 0.417671 0.1657 0.163469
0 0.110204 0.803514 0.173703 0.171127
0 0.855446 0.529864 0.16134 0.158927
0 0.824867 0.309572 0.159955 0.159142
0 0.603902 0.827568 0.148709 0.148494
0 0.0697918 0.59487 0.136637 0.149464
0 0.925874 0.104246 0.116741 0.117239
0 0.833295 0.150611 0.151606 0.151722
0 0.142824 0.466266 0.13558 0.132624
0 0.803466 0.956056 0.0870747 0.0813618
0 0.679437 0.367672 0.125725 0.125601
0 0.449783 0.31162 0.122088 0.124241
0 0.35179 0.658416 0.123252 0.124253
0 0.3742 0.828167 0.0915561 0.0897579
0 0.0273991 0.95748 0.0547982 0.0831802
0 0.592467 0.445896 0.0986349 0.100575
0 0.603574 0.0980366 0.130487 0.13283
0 0.486036 0.886858 0.108726 0.110282
0 0.0362643 0.966328 0.072497 0.0673434
0 0.64372 0.571199 0.107634 0.108727
0 0.694907 0.485394 0.105474 0.105835
0 0.743823 0.845371 0.112548 0.113653
0 0.673692 0.725574 0.0921517 0.0943985
0 0.90416 0.964888 0.109631 0.070224
0 0.730015 0.621474 0.0740042 0.0736139
0 0.454405 0.591878 0.100009 0.0988853
0 0.69966 0.057057 0.0942953 0.0939884
0 0.161545 0.370483 0.122166 0.125291
0 0.471079 0.593061 0.101104 0.10303
0 0.524872 0.499255 0.0998679 0.100625
0 0.535008 0.961092 0.0689043 0.0681603
0 0.394434 0.757676 0.0584982 0.0587842
0 0.549531 0.96159 0.0653654 0.0686574
0 0.559148 0.601956 0.0703058 0.0705289
0 0.715248 0.621355 0.0746169 0.0739641
0 0.0396993 0.975357 0.0778536 0.0492867
0 0.915183 0.877884 0.0774342 0.0774773
0 0.357362 0.931252 0.0594579 0.0589857
0 0.371985 0.931291 0.0580496 0.058437
0 0.267535 0.97504 0.12277 0.0495186
0 0.840371 0.864739 0.0856241 0.0861832
0 0.379741 0.757624 0.0577586 0.0583756
0 0.625349 0.570033 0.108594 0.109579
0 0.152676 0.240523 0.0860632 0.084413
0 0.0416941 0.328754 0.0833881 0.129768
0 0.545208 0.602782 0.0706842 0.071152
0 0.90076 0.314241 0.0905396 0.089303
0 0.249727 0.505192 0.0676308 0.067993
0 0.0508189 0.960521 0.0976443 0.0787575
0 0.407959 0.204742 0.122859 0.123207
0 0.153394 0.468474 0.109986 0.110375
0 0.041626 0.946997 0.0827231 0.105716
0 0.825761 0.86509 0.0842279 0.0841639
0 0.235398 0.505277 0.0667635 0.0686153
0 0.0533719 0.978781 0.104656 0.0424374
0 0.0885992 0.966468 0.130119 0.067064
0 0.712836 0.0626682 0.0899977 0.0917746
0 0.257965 0.979938 0.124057 0.0401248
0 0.961233 0.967923 0.0763838 0.0641541
0 0.0293886 0.0360591 0.0586547 0.0716761
0 0.178842 0.977209 0.134804 0.0455814
0 0.0740643 0.976318 0.13151 0.047169
0 0.956848 0.0290477 0.0848692 0.0580953
0 0.0354871 0.027986 0.0707542 0.0558126
0 0.202282 0.978224 0.133604 0.0435514
0 0.590942 0.0858055 0.131604 0.12905
0 0.764801 0.166656 0.0561335 0.0586663
0 0.481841 0.104469 0.116109 0.119978
0 0.946339 0.96944 0.103486 0.0611207
0 0.967354 0.0217977 0.0643662 0.0431925
0 0.28906 0.978967 0.138962 0.042067
0 0.181129 0.984328 0.108178 0.0313445
0 0.148465 0.978329 0.134775 0.0433423
0 0.0481321 0.0224028 0.0899165 0.0448055
0 0.750121 0.166925 0.0588577 0.0578836
0 0.245925 0.984231 0.1281 0.0315371
0 0.206092 0.986079 0.106111 0.0278418
0 0.0641822 0.966309 0.121382 0.0673814
0 0.912811 0.973807 0.114996 0.0522537
0 0.0961762 0.977612 0.120699 0.0447756
0 0.963129 0.0374724 0.0734612 0.0744036
0 0.0189133 0.0424602 0.0378267 0.0834706
0 0.115658 0.975614 0.14129 0.0487729
0 0.152814 0.984404 0.110728 0.0311918
0 0.540043 0.0273821 0.129727 0.0546278
0 0.12177 0.981324 0.126234 0.0373512
