0 0.133761 0.796602 0.216604 0.211384
0 0.408818 0.828003 0.221123 0.216944
0 0.717217 0.818271 0.235122 0.235452
0 0.288839 0.635065 0.183491 0.184181
0 0.766605 0.53012 0.211855 0.208557
0 0.637846 0.271251 0.222887 0.230844
0 0.247414 0.453056 0.146422 0.144036
0 0.560264 0.648066 0.178035 0.179168
0 0.427989 0.48459 0.174376 0.171298
0 0.203375 0.186088 0.150674 0.152858
0 0.386256 0.396006 0.143069 0.142165
0 0.057869 0.924778 0.114943 0.148914
0 0.924023 0.658202 0.148469 0.171887
0 0.457064 0.10932 0.206998 0.20709
0 0.81998 0.259238 0.17023 0.166831
0 0.953845 0.953901 0.0914061 0.0916959
0 0.934686 0.930303 0.128837 0.139393
0 0.953038 0.967974 0.0939249 0.0633194
0 0.326434 0.249764 0.115849 0.115763
0 0.0796014 0.934697 0.159203 0.130605
0 0.0352528 0.944732 0.0705055 0.107829
0 0.187384 0.48475 0.0925664 0.0912813
0 0.941569 0.96023 0.114951 0.0795391
0 0.917408 0.914763 0.165185 0.169302
0 0.0335215 0.0292408 0.0668476 0.0582533
0 0.0254234 0.032444 0.0508467 0.0646992
0 0.117686 0.926786 0.235371 0.146429
0 0.093183 0.914035 0.186366 0.169893
0 0.0311764 0.0439164 0.0623528 0.0859146
0 0.944053 0.905824 0.111894 0.188352
0 0.969677 0.949449 0.0597034 0.100075
0 0.0481961 0.0281354 0.0911271 0.0562707
0 0.956919 0.926149 0.0861382 0.147702
0 0.878368 0.46419 0.168644 0.165328
0 0.918747 0.954688 0.162505 0.0906237
0 0.0429868 0.0505792 0.0855568 0.101158
0 0.105481 0.941619 0.20511 0.116763
0 0.0568337 0.947876 0.112045 0.104247
0 0.903342 0.932902 0.191672 0.134197
0 0.944065 0.94497 0.110422 0.110061
0 0.963557 0.0280035 0.0715027 0.056007
0 0.817589 0.955083 0.133997 0.0896778
0 0.936988 0.972223 0.11804 0.0553378
0 0.033305 0.958632 0.0666099 0.0818424
0 0.951004 0.0304523 0.0932137 0.0608887
0 0.308794 0.253597 0.11329 0.113296
0 0.880784 0.916649 0.235827 0.166702
0 0.0422804 0.964879 0.084379 0.0702421
0 0.821255 0.287258 0.189918 0.188026
0 0.0788829 0.965147 0.155565 0.0697055
0 0.0703726 0.904426 0.140157 0.191149
0 0.973805 0.0307711 0.0517681 0.0615422
0 0.0653907 0.970972 0.12637 0.0580514
0 0.0464108 0.0688748 0.0928215 0.136779
0 0.0417796 0.923027 0.0833297 0.153946
0 0.0178091 0.176914 0.0356182 0.112243
