0 0.902396 0.902713 0.195208 0.194574
0 0.248283 0.915579 0.23113 0.168843
0 0.611166 0.223124 0.17426 0.176201
0 0.806232 0.681727 0.138575 0.136956
0 0.670929 0.600738 0.17765 0.176929
0 0.221823 0.423509 0.196722 0.201468
0 0.0633329 0.94415 0.126496 0.111699
0 0.0872276 0.931237 0.174352 0.137525
0 0.151924 0.660418 0.152985 0.151705
0 0.687905 0.956283 0.222824 0.0874349
0 0.437327 0.258059 0.141109 0.145633
0 0.0792559 0.436233 0.158512 0.179706
0 0.0384875 0.961085 0.0769749 0.0764394
0 0.0550328 0.961188 0.110066 0.0776232
0 0.101797 0.909318 0.203593 0.178813
0 0.348273 0.710009 0.134932 0.132819
0 0.931459 0.939655 0.136532 0.120691
0 0.0491989 0.950449 0.0962349 0.0991026
0 0.532747 0.471308 0.106947 0.109596
0 0.646179 0.518515 0.151267 0.144195
0 0.960321 0.952299 0.0780415 0.09489
0 0.0833136 0.955506 0.166627 0.0889874
0 0.963409 0.970348 0.0731822 0.0589437
0 0.448352 0.469569 0.0770931 0.0763472
0 0.464181 0.469813 0.0789319 0.0765521
0 0.392432 0.49785 0.103991 0.103896
0 0.0454599 0.723972 0.0902476 0.171799
0 0.129388 0.896906 0.258777 0.205166
0 0.0638668 0.969478 0.124651 0.0610451
0 0.915031 0.924958 0.169614 0.150083
0 0.0373899 0.944565 0.0747797 0.108667
0 0.941233 0.953151 0.117534 0.0931114
0 0.973625 0.949827 0.05219 0.0981321
0 0.517306 0.193061 0.0936011 0.0929858
0 0.326854 0.273448 0.119103 0.12051
0 0.369756 0.970346 0.172399 0.0591689
0 0.79979 0.490094 0.207295 0.201111
0 0.913599 0.951694 0.172803 0.0966126
0 0.945525 0.968598 0.108505 0.0628039
0 0.0336457 0.0392592 0.0671309 0.0775674
0 0.894317 0.696569 0.0967854 0.0933233
0 0.337222 0.695437 0.136567 0.13746
0 0.103934 0.944395 0.207869 0.110795
0 0.304264 0.288734 0.148585 0.153312
0 0.0625035 0.91949 0.122428 0.153882
0 0.0733217 0.417509 0.146643 0.160884
0 0.980096 0.946406 0.0395882 0.107188
0 0.408126 0.503115 0.103254 0.105979
0 0.0433702 0.802002 0.0862435 0.173149
0 0.50129 0.190412 0.0961384 0.0936432
0 0.0754678 0.975641 0.150936 0.0481136
0 0.0480604 0.0313031 0.0939514 0.0625944
