0 0.843142 0.662526 0.081197 0.0798818
0 0.407816 0.527125 0.0639166 0.0638238
0 0.333948 0.770197 0.0757506 0.0768064
0 0.426536 0.876015 0.065937 0.0664167
0 0.324538 0.974146 0.0818627 0.0517071
0 0.0732406 0.725882 0.065635 0.0647474
0 0.800528 0.771176 0.0569691 0.0559519
0 0.775478 0.970745 0.0821337 0.0585105
0 0.796225 0.584917 0.0704124 0.0686792
0 0.564353 0.616856 0.0715036 0.0726958
0 0.494283 0.657359 0.0567562 0.0572998
0 0.480835 0.595147 0.0567223 0.0573583
0 0.580549 0.530505 0.0758044 0.0764271
0 0.495871 0.9246 0.0830036 0.0814557
0 0.56227 0.710307 0.0806767 0.0796087
0 0.483425 0.73178 0.0719193 0.0719914
0 0.531575 0.814675 0.0806311 0.0826459
0 0.34508 0.173988 0.0625534 0.0629524
0 0.38391 0.442937 0.0677966 0.066238
0 0.18393 0.310698 0.0759574 0.0771535
0 0.326104 0.662285 0.0758766 0.0778566
0 0.626926 0.745035 0.0611177 0.0603362
0 0.535184 0.401715 0.0826336 0.0835301
0 0.69223 0.456791 0.0569025 0.0579437
0 0.427057 0.963002 0.0639113 0.0635089
0 0.516449 0.814612 0.079871 0.0822202
0 0.37648 0.58869 0.0447392 0.0469467
0 0.446174 0.29227 0.0540058 0.0537137
0 0.330404 0.173877 0.0627888 0.0629993
0 0.370496 0.442798 0.06704 0.0664294
0 0.629231 0.880117 0.0571909 0.0572515
0 0.606825 0.966566 0.0728519 0.0657636
0 0.667869 0.923995 0.0583166 0.057446
0 0.67599 0.726683 0.076563 0.077357
0 0.440997 0.963974 0.064632 0.0644351
0 0.413537 0.875867 0.0663489 0.0660423
0 0.342733 0.51396 0.0468837 0.0458594
0 0.509559 0.657385 0.058078 0.0565553
0 0.494982 0.594681 0.0582571 0.0576113
0 0.547211 0.710156 0.0811308 0.0802221
0 0.690557 0.833152 0.08298 0.0830279
0 0.46949 0.731676 0.071563 0.0719231
0 0.169075 0.540697 0.0679975 0.0669781
0 0.219676 0.69545 0.0738624 0.0735078
0 0.0595157 0.726048 0.0646999 0.0650248
0 0.39042 0.588374 0.0442977 0.0456652
0 0.61141 0.429572 0.049029 0.0499233
0 0.213375 0.418504 0.0546773 0.0553495
0 0.64853 0.63979 0.0445433 0.0444
0 0.143352 0.86132 0.0565396 0.0564288
0 0.82931 0.661926 0.0803761 0.079893
0 0.266788 0.685461 0.0509104 0.0521594
0 0.320352 0.769982 0.0755791 0.076825
0 0.661961 0.548113 0.0690739 0.0689097
0 0.712764 0.542679 0.0682873 0.0685014
0 0.682265 0.924454 0.0577194 0.057304
0 0.258545 0.486741 0.0598511 0.0594716
0 0.550748 0.617032 0.0723877 0.0720032
0 0.309477 0.900875 0.0459012 0.0454136
0 0.725897 0.542841 0.0691965 0.0691655
0 0.566138 0.530194 0.0732878 0.0737961
0 0.615526 0.880549 0.0568572 0.0561186
0 0.311417 0.4582 0.0777725 0.0761588
0 0.750561 0.341332 0.0748195 0.0760599
0 0.550444 0.403801 0.0831994 0.0837943
0 0.301605 0.844062 0.0410277 0.0410083
0 0.509309 0.926095 0.0829621 0.0840636
0 0.295478 0.90094 0.0458927 0.045962
0 0.613693 0.7445 0.0625051 0.0618857
0 0.228317 0.903201 0.0664308 0.0670235
0 0.596754 0.429217 0.0488876 0.0506608
0 0.431976 0.29203 0.0539012 0.0543485
0 0.315882 0.84355 0.0416631 0.041035
0 0.741713 0.792956 0.0617053 0.0614574
0 0.330622 0.574956 0.0530327 0.0530538
0 0.620566 0.967093 0.0754592 0.0658135
0 0.280125 0.6859 0.0523614 0.0526171
0 0.340098 0.662483 0.0778047 0.0774096
0 0.782768 0.585305 0.0696598 0.0693998
0 0.356776 0.513271 0.0475471 0.0464643
0 0.632355 0.814741 0.0399279 0.0407636
0 0.969397 0.398509 0.0612061 0.064452
0 0.193263 0.243505 0.063165 0.0623576
0 0.316307 0.575158 0.0537275 0.0534129
0 0.782039 0.843716 0.0439806 0.0465528
0 0.236882 0.194275 0.0666281 0.0667689
0 0.564144 0.181232 0.071865 0.0727552
0 0.689377 0.726366 0.0769804 0.0770711
0 0.647471 0.548059 0.0697169 0.0696323
0 0.27503 0.617772 0.0494288 0.0493067
0 0.519457 0.531107 0.0452505 0.045042
0 0.400554 0.068592 0.0606966 0.0587601
0 0.567574 0.877068 0.0511937 0.0504932
0 0.444736 0.404029 0.0764006 0.0758841
0 0.725486 0.209229 0.0764016 0.0765284
0 0.462103 0.140756 0.0633697 0.062837
0 0.0352547 0.582869 0.065244 0.062708
0 0.154887 0.540464 0.0670958 0.0665054
0 0.207235 0.243846 0.0631115 0.0621504
0 0.196812 0.851393 0.0663898 0.0671561
0 0.298197 0.457592 0.0762776 0.0769117
0 0.390927 0.946464 0.0586271 0.057973
0 0.244427 0.487016 0.0592082 0.0603999
0 0.182279 0.949833 0.0718225 0.070373
0 0.145172 0.409173 0.0752161 0.0741667
0 0.477627 0.856799 0.0430058 0.042268
0 0.431141 0.404583 0.0767966 0.077443
0 0.909525 0.30718 0.0701729 0.0702428
0 0.376252 0.947415 0.0592281 0.0580332
0 0.582094 0.877358 0.0494253 0.0504499
0 0.131343 0.408471 0.0742017 0.0721738
0 0.723947 0.911551 0.0440913 0.0452745
0 0.809283 0.302063 0.074328 0.0746501
0 0.471349 0.497393 0.0528454 0.0535175
0 0.502939 0.26826 0.0627996 0.0622977
0 0.309587 0.974162 0.0808047 0.0516751
0 0.549958 0.18116 0.0720251 0.0737789
0 0.288777 0.617582 0.048744 0.0488959
0 0.464138 0.857257 0.0418373 0.0422821
0 0.199652 0.418869 0.0547169 0.05582
0 0.206979 0.694446 0.0744588 0.0736666
0 0.505337 0.530657 0.04587 0.0456488
0 0.39552 0.687519 0.0400456 0.0404635
0 0.622935 0.571855 0.0416314 0.0421557
0 0.74355 0.728132 0.0391204 0.0395254
0 0.409099 0.687248 0.0405966 0.039975
0 0.739079 0.210001 0.0765854 0.0762994
0 0.679024 0.456689 0.0558826 0.0570468
0 0.473829 0.805899 0.0379033 0.0382032
0 0.916684 0.616012 0.0518915 0.049948
0 0.761401 0.971941 0.0838648 0.0560486
0 0.755299 0.792601 0.0634235 0.0634333
0 0.420603 0.526943 0.0641643 0.0631438
0 0.449816 0.550903 0.0349756 0.0346906
0 0.457969 0.498277 0.0538123 0.0539309
0 0.192071 0.77229 0.0545547 0.0549761
0 0.593813 0.396254 0.0583622 0.0611087
0 0.130137 0.861878 0.0567305 0.0582088
0 0.736653 0.3421 0.0757885 0.0769405
0 0.851845 0.368223 0.0737904 0.0729422
0 0.773956 0.718921 0.038492 0.0381936
0 0.788057 0.718786 0.039486 0.0387823
0 0.935153 0.837746 0.0611111 0.0605387
0 0.388327 0.0653398 0.0623264 0.0640809
0 0.786999 0.772444 0.0555877 0.0555794
0 0.894676 0.307621 0.0695738 0.0687175
0 0.459066 0.805802 0.0379013 0.0377922
0 0.435513 0.550278 0.0350969 0.0359358
0 0.26195 0.79815 0.0414056 0.042111
0 0.946998 0.698505 0.0694309 0.0707367
0 0.412344 0.188189 0.0428987 0.0435384
0 0.170102 0.310358 0.0746517 0.075742
0 0.633939 0.640194 0.0450575 0.0446958
0 0.929973 0.616427 0.0508114 0.0506633
0 0.816127 0.497477 0.0588751 0.059188
0 0.677966 0.618657 0.0321754 0.0326134
0 0.798441 0.665843 0.0375921 0.0376447
0 0.865664 0.369095 0.0726274 0.0729398
0 0.273864 0.745803 0.0369283 0.036466
0 0.0925376 0.406223 0.0685027 0.0675218
0 0.216048 0.903246 0.0656671 0.0665882
0 0.961485 0.698762 0.0716003 0.070835
0 0.53741 0.562358 0.0303465 0.0298162
0 0.206935 0.772317 0.0549733 0.0545418
0 0.617367 0.814863 0.0395026 0.0403774
0 0.169388 0.951281 0.0716924 0.0708461
0 0.760112 0.458104 0.0721619 0.0707649
0 0.832953 0.566803 0.0581053 0.0579481
0 0.475194 0.141108 0.0609733 0.060634
0 0.920962 0.837562 0.0604607 0.059625
0 0.553187 0.987826 0.0715141 0.0243473
0 0.260456 0.966313 0.0396237 0.0393303
0 0.182111 0.852536 0.0682429 0.0688062
0 0.747317 0.458313 0.0707863 0.0718724
0 0.616302 0.642319 0.0370922 0.0386187
0 0.710793 0.911906 0.0432356 0.0444618
0 0.314013 0.377174 0.0513842 0.0515876
0 0.248965 0.798165 0.0420602 0.0426575
0 0.670844 0.0819342 0.0612944 0.0608662
0 0.829453 0.437693 0.0527618 0.0537558
0 0.223047 0.194452 0.0660622 0.0672318
0 0.958875 0.399006 0.0666241 0.066018
0 0.731295 0.728258 0.0381395 0.039548
0 0.609897 0.572103 0.0417141 0.0421967
0 0.194761 0.596049 0.0398138 0.0401048
0 0.487751 0.268393 0.064188 0.0632708
0 0.789518 0.917119 0.0354161 0.0351397
0 0.259592 0.745127 0.0374031 0.0373685
0 0.399657 0.310313 0.034384 0.0341813
0 0.185659 0.487678 0.0342993 0.0346002
0 0.580438 0.394757 0.0614164 0.0593051
0 0.803802 0.496375 0.058746 0.060412
0 0.0779679 0.405339 0.0670969 0.0678263
0 0.386213 0.309717 0.0344509 0.0349445
0 0.654969 0.204871 0.0515471 0.051955
0 0.731293 0.861556 0.0377689 0.038564
0 0.76798 0.843954 0.0457331 0.0462884
0 0.491906 0.364277 0.0319675 0.0315578
0 0.588774 0.118393 0.0568755 0.0564042
0 0.247324 0.966304 0.0383386 0.0386915
0 0.299538 0.377154 0.0518538 0.0512592
0 0.338975 0.0415591 0.0662393 0.0626949
0 0.0478497 0.583 0.0641796 0.0629067
0 0.656851 0.0814963 0.0609407 0.0618959
0 0.39827 0.188722 0.0408364 0.0429757
0 0.180763 0.595341 0.0396099 0.0390246
0 0.820563 0.567844 0.0588259 0.0578939
0 0.421226 0.257318 0.0442606 0.0441923
0 0.106556 0.57771 0.0393365 0.0400826
0 0.724655 0.0868105 0.0453751 0.0461485
0 0.81451 0.437815 0.0548201 0.0541073
0 0.198815 0.487835 0.0350762 0.0344827
0 0.514346 0.152531 0.0481283 0.0493623
0 0.0932953 0.57773 0.0393813 0.0395212
0 0.956294 0.771347 0.0442417 0.0439902
0 0.460521 0.44407 0.0458439 0.0468377
0 0.796659 0.302866 0.0748427 0.0738214
0 0.887413 0.506997 0.0691429 0.0683522
0 0.564302 0.0539853 0.0691214 0.0687743
0 0.899728 0.507382 0.0662285 0.0665339
0 0.176015 0.45927 0.0369456 0.0363831
0 0.536045 0.357399 0.0574495 0.057278
0 0.540893 0.987442 0.0724792 0.0251164
0 0.727019 0.304974 0.0460966 0.0473977
0 0.704073 0.834628 0.0816082 0.0820063
0 0.785139 0.665144 0.0378071 0.0391452
0 0.96999 0.771284 0.0444052 0.0441905
0 0.490177 0.0481198 0.0602258 0.062213
0 0.640385 0.205176 0.0515691 0.0517387
0 0.445579 0.443806 0.0459824 0.0460027
0 0.478948 0.364637 0.0318795 0.0307297
0 0.499583 0.152302 0.0495557 0.0499355
0 0.543352 0.272216 0.0381353 0.0384831
0 0.407237 0.256796 0.0435124 0.0433678
0 0.453198 0.26497 0.0401122 0.0386285
0 0.710426 0.0867746 0.0446325 0.0451289
0 0.16313 0.460436 0.0366895 0.0368546
0 0.744815 0.86229 0.0371126 0.0385239
0 0.144227 0.337505 0.04375 0.0439505
0 0.804883 0.220976 0.0581165 0.0576281
0 0.601606 0.642606 0.0370984 0.0376043
0 0.0916155 0.530061 0.0389405 0.0397572
0 0.10976 0.275291 0.0524781 0.052172
0 0.480214 0.458439 0.0313751 0.0305695
0 0.663995 0.618647 0.0309938 0.0305964
0 0.477921 0.0483036 0.0563977 0.0569861
0 0.77915 0.917132 0.0361698 0.0347033
0 0.246482 0.830931 0.0341043 0.0358793
0 0.0620735 0.655782 0.0405351 0.0403947
0 0.095065 0.274016 0.0525254 0.052575
0 0.89894 0.566634 0.0351459 0.0344649
0 0.895898 0.43112 0.0448128 0.0448356
0 0.713696 0.304645 0.0477659 0.0478854
0 0.180888 0.720008 0.0363422 0.0347894
0 0.328718 0.0394423 0.0565186 0.0600888
0 0.859261 0.192893 0.0540318 0.0545547
0 0.468236 0.260191 0.0398464 0.0416126
0 0.573544 0.118618 0.0579143 0.0567456
0 0.528059 0.271616 0.0375083 0.0387507
0 0.494249 0.458897 0.0299892 0.0311059
0 0.13025 0.33843 0.0446827 0.0446214
0 0.525016 0.562904 0.0301039 0.0301084
0 0.882637 0.430872 0.0446636 0.0449148
0 0.453026 0.0969281 0.0337362 0.0342018
0 0.790579 0.525833 0.0350159 0.0343213
0 0.314255 0.272538 0.030804 0.0320543
0 0.167793 0.719844 0.0347727 0.0342892
0 0.885129 0.5669 0.0326866 0.0335152
0 0.291158 0.214383 0.046731 0.0455546
0 0.79048 0.221055 0.0593843 0.0578823
0 0.273232 0.106154 0.0557803 0.0575321
0 0.467502 0.0972559 0.0372656 0.0354681
0 0.521749 0.356645 0.0540298 0.0510215
0 0.550591 0.0543536 0.0692751 0.0658716
0 0.25699 0.106638 0.0551525 0.0568752
0 0.642077 0.456946 0.0271481 0.0262651
0 0.422792 0.0556751 0.0279968 0.0289338
0 0.0498648 0.655392 0.0393713 0.039728
0 0.0796328 0.530483 0.0382719 0.0398099
0 0.23316 0.831199 0.034319 0.0356522
0 0.667621 0.417251 0.0342691 0.0359819
0 0.29461 0.180228 0.0411072 0.0464596
0 0.300868 0.27315 0.0296484 0.0309713
0 0.278796 0.181167 0.0437534 0.04206
0 0.441566 0.412349 0.0658945 0.0707197
0 0.326018 0.042098 0.0382286 0.0394776
0 0.246392 0.24124 0.0372277 0.0364326
0 0.295314 0.322719 0.0306864 0.0304985
0 0.434948 0.0577065 0.0274347 0.0273611
0 0.276308 0.216568 0.0439651 0.0439587
0 0.777783 0.525246 0.0353257 0.034156
0 0.844821 0.192879 0.0526335 0.0543895
0 0.309582 0.322013 0.0306568 0.0312533
0 0.260146 0.239797 0.038106 0.0389273
0 0.656371 0.415891 0.035709 0.0367948
0 0.149585 0.255 0.0471493 0.0450946
0 0.628344 0.456203 0.0267557 0.0272216
0 0.13575 0.253158 0.0477844 0.047221
