0 0.0637589 0.919576 0.127518 0.160849
0 0.720067 0.746142 0.182421 0.186569
0 0.202022 0.864141 0.168608 0.169389
0 0.265062 0.617935 0.18662 0.189006
0 0.925998 0.354995 0.145696 0.152672
0 0.927168 0.54419 0.145664 0.171331
0 0.579556 0.963961 0.166361 0.0720784
0 0.1279 0.11609 0.138889 0.140873
0 0.388546 0.0738598 0.168071 0.14772
0 0.103755 0.588881 0.147707 0.145745
0 0.646218 0.837664 0.116738 0.114972
0 0.105746 0.347025 0.15512 0.157474
0 0.762165 0.935888 0.144689 0.125124
0 0.354978 0.826991 0.117244 0.118971
0 0.514739 0.0879551 0.136456 0.137652
0 0.58236 0.572394 0.140576 0.139322
0 0.447673 0.392508 0.133167 0.133775
0 0.787666 0.3041 0.115878 0.115605
0 0.433072 0.287664 0.12539 0.126659
0 0.0460104 0.724525 0.0793853 0.0783922
0 0.623708 0.357142 0.0806085 0.0802403
0 0.548276 0.325937 0.0801733 0.079407
0 0.637712 0.0942942 0.0941293 0.0947028
0 0.0470264 0.967836 0.092931 0.0639992
0 0.957093 0.967087 0.0847858 0.0658258
0 0.0340656 0.962847 0.0681311 0.0729252
0 0.612336 0.263174 0.0696438 0.070693
0 0.545824 0.210052 0.0743808 0.074343
0 0.608762 0.357109 0.0806902 0.081501
0 0.597307 0.262785 0.0687168 0.0685705
0 0.93963 0.969305 0.116402 0.0613898
0 0.821292 0.541918 0.0787016 0.0797969
0 0.529714 0.209729 0.0724531 0.0729906
0 0.971072 0.960459 0.0572161 0.077212
0 0.532301 0.326018 0.0802642 0.0796178
0 0.232328 0.333241 0.101532 0.100764
0 0.721376 0.298524 0.0972351 0.0981618
0 0.0539069 0.958568 0.106962 0.0802185
0 0.285255 0.119789 0.0800573 0.0788259
0 0.706571 0.301343 0.09668 0.0962838
0 0.0236791 0.0385852 0.0473581 0.0771506
0 0.622904 0.0943102 0.0935932 0.0901333
0 0.268836 0.115964 0.0796627 0.0794594
0 0.0307593 0.0428738 0.0614929 0.0850746
0 0.952428 0.0391281 0.0951447 0.0780276
0 0.961813 0.0268246 0.0756378 0.0536491
0 0.492181 0.227857 0.0553378 0.0582905
0 0.966892 0.0346538 0.0655926 0.0685191
0 0.94984 0.958678 0.0996151 0.0807873
0 0.0368057 0.0329286 0.0735716 0.0653985
0 0.042272 0.0248141 0.0842998 0.0496282
0 0.476446 0.230677 0.0575575 0.0589844
0 0.0592072 0.973998 0.116638 0.0520045
0 0.94597 0.0501487 0.108059 0.100225
0 0.91987 0.96734 0.159912 0.0653212
0 0.0780146 0.97016 0.154873 0.0596804
0 0.928324 0.975437 0.143353 0.0491255
0 0.578198 0.974365 0.180762 0.0508345
0 0.949501 0.0213454 0.0971291 0.0425237
0 0.605109 0.0278369 0.133375 0.0556738
0 0.226828 0.978296 0.148112 0.0434078
0 0.589379 0.0210248 0.129539 0.0420495
0 0.957444 0.944371 0.085111 0.111258
0 0.0679649 0.982441 0.129627 0.0349871
0 0.0487076 0.933787 0.097384 0.131758
0 0.0861531 0.952238 0.170985 0.0947612
0 0.600355 0.0146083 0.120611 0.0291337
0 0.239357 0.98289 0.139307 0.034221
0 0.941975 0.950024 0.115251 0.0999512
