0 0.70904 0.695343 0.212434 0.206673
0 0.484408 0.766822 0.227247 0.229882
0 0.681967 0.92517 0.219591 0.149661
0 0.764978 0.543424 0.182575 0.181979
0 0.553582 0.582759 0.170784 0.170952
0 0.240323 0.693917 0.214135 0.215123
0 0.304246 0.913954 0.168769 0.165277
0 0.28619 0.360179 0.169972 0.167551
0 0.415018 0.646866 0.134499 0.133097
0 0.355824 0.365965 0.14675 0.144773
0 0.492696 0.494465 0.153169 0.154569
0 0.843374 0.947329 0.116827 0.104758
0 0.257838 0.0698657 0.170699 0.139731
0 0.720932 0.187372 0.148608 0.148045
0 0.135492 0.906816 0.123544 0.11849
0 0.853448 0.679675 0.116108 0.11648
0 0.832607 0.342629 0.131469 0.132425
0 0.629864 0.49855 0.130845 0.129575
0 0.0377199 0.954812 0.0754399 0.0888751
0 0.0486255 0.946963 0.097251 0.106075
0 0.0493615 0.964115 0.0980971 0.0717707
0 0.853378 0.799804 0.104556 0.107177
0 0.426825 0.262438 0.114389 0.11513
0 0.0646064 0.932508 0.128839 0.132311
0 0.530635 0.174852 0.13439 0.128399
0 0.0554082 0.974017 0.110816 0.0515523
0 0.904804 0.1803 0.0913671 0.0905961
0 0.419745 0.0792821 0.0773961 0.0765395
0 0.835172 0.0352473 0.142982 0.0704891
0 0.888157 0.179889 0.0911758 0.0886505
0 0.969652 0.950893 0.0590176 0.0967835
0 0.43508 0.079886 0.0763692 0.0746285
0 0.0280736 0.0414612 0.0561472 0.07996
0 0.0351127 0.0289783 0.070046 0.0577066
0 0.962031 0.968327 0.0759381 0.0627553
0 0.513045 0.173642 0.113655 0.111035
0 0.0792964 0.958996 0.158593 0.0818401
0 0.938381 0.940915 0.122772 0.118169
0 0.957013 0.953216 0.0854311 0.0931983
0 0.90668 0.949081 0.184451 0.101838
0 0.0932852 0.949268 0.183004 0.100382
0 0.0238156 0.0316325 0.0476312 0.063082
0 0.0664875 0.977578 0.132975 0.0444865
0 0.93001 0.956586 0.139981 0.0860638
0 0.0323003 0.0212215 0.0646006 0.042443
0 0.126504 0.0993096 0.157361 0.160674
0 0.848215 0.0266208 0.132151 0.0532416
0 0.0420397 0.0381351 0.0834052 0.0760702
0 0.963514 0.0420833 0.0729729 0.0834318
0 0.960531 0.932296 0.0787563 0.135409
0 0.942261 0.962716 0.113852 0.0745682
0 0.973009 0.02466 0.0534035 0.0490901
0 0.0278355 0.947284 0.055671 0.10434
0 0.965361 0.0272575 0.0685032 0.0545023
0 0.869013 0.950538 0.242392 0.0989251
0 0.0523489 0.0272154 0.0994451 0.0544308
0 0.923519 0.917644 0.108779 0.110783
0 0.893321 0.931302 0.211824 0.137396
