0 0.122717 0.586504 0.180498 0.178895
0 0.227412 0.347779 0.182166 0.184692
0 0.38926 0.209936 0.157718 0.15509
0 0.303788 0.206845 0.148312 0.146734
0 0.945253 0.448334 0.109225 0.212622
0 0.065907 0.917882 0.130477 0.163806
0 0.724121 0.367634 0.289362 0.312788
0 0.0889206 0.910327 0.177841 0.178188
0 0.121197 0.867275 0.242387 0.265449
0 0.93187 0.905623 0.135062 0.188754
0 0.735938 0.315538 0.298393 0.319931
0 0.802067 0.769496 0.395866 0.461008
0 0.837217 0.806898 0.325567 0.386204
0 0.037996 0.948693 0.0759921 0.100567
0 0.360276 0.0506256 0.143491 0.0999345
0 0.0375125 0.0333902 0.0750251 0.0663743
0 0.908918 0.891518 0.180248 0.21601
0 0.0253943 0.0359967 0.0507887 0.0717733
0 0.576403 0.410408 0.105218 0.1074
0 0.87791 0.851748 0.243411 0.296208
0 0.745161 0.681496 0.330157 0.339069
0 0.0780027 0.939162 0.156005 0.121676
0 0.0555366 0.954981 0.111073 0.0898407
0 0.177402 0.809412 0.354804 0.376853
0 0.919819 0.926714 0.160362 0.146571
0 0.942889 0.0550331 0.112563 0.109885
0 0.944497 0.0338576 0.10578 0.0677151
0 0.126299 0.919103 0.251381 0.161795
0 0.609126 0.916959 0.28622 0.165588
0 0.0309043 0.044905 0.0618086 0.0890865
0 0.965315 0.036329 0.0685543 0.0713524
0 0.0935236 0.328203 0.101088 0.0983631
0 0.0537705 0.932346 0.107541 0.135309
0 0.0422881 0.0425885 0.0840553 0.0843441
0 0.0456989 0.964367 0.0913978 0.0712652
0 0.160215 0.893541 0.32043 0.212918
0 0.0552697 0.0299837 0.105341 0.0599675
0 0.233595 0.794387 0.466522 0.404202
0 0.958107 0.0294808 0.0831739 0.058624
0 0.868915 0.909329 0.260837 0.181342
0 0.109989 0.940503 0.215047 0.118995
0 0.932652 0.472766 0.134696 0.250888
0 0.930499 0.0659029 0.139003 0.131806
0 0.948837 0.934451 0.101719 0.131099
0 0.752999 0.713326 0.494002 0.573349
0 0.926368 0.949895 0.147264 0.0992633
0 0.963091 0.950687 0.0722469 0.0976608
0 0.956389 0.969704 0.0872211 0.0599513
0 0.0556116 0.0475356 0.111223 0.0950713
0 0.945478 0.962061 0.108538 0.0757189
0 0.893129 0.940566 0.210965 0.118814
0 0.109228 0.897268 0.216425 0.205463
0 0.83086 0.877981 0.33828 0.242209
0 0.0637996 0.969963 0.124184 0.0600741
0 0.95482 0.427184 0.090361 0.189716
