0 0.392433 0.758578 0.184928 0.185909
0 0.217508 0.331582 0.180307 0.184919
0 0.178403 0.559803 0.169356 0.171931
0 0.699217 0.920757 0.216272 0.152688
0 0.654906 0.334218 0.185199 0.181432
0 0.89903 0.548391 0.167498 0.169077
0 0.846263 0.724963 0.150776 0.147903
0 0.848889 0.916316 0.162285 0.16254
0 0.512474 0.928168 0.158151 0.143664
0 0.853994 0.225427 0.168686 0.172339
0 0.0512903 0.756807 0.101684 0.200295
0 0.563646 0.738575 0.155396 0.156519
0 0.62659 0.103883 0.171503 0.17062
0 0.194866 0.950548 0.126281 0.0989051
0 0.348396 0.933088 0.153904 0.133825
0 0.125233 0.452895 0.124847 0.117273
0 0.825081 0.12553 0.124464 0.124542
0 0.504612 0.487341 0.147972 0.145104
0 0.0629356 0.234713 0.125181 0.155652
0 0.950397 0.362844 0.0992064 0.156185
0 0.37823 0.458428 0.129075 0.129929
0 0.32222 0.0687414 0.119024 0.118953
0 0.281906 0.755152 0.157269 0.156264
0 0.124818 0.097698 0.112197 0.112343
0 0.789465 0.602157 0.114316 0.113466
0 0.62607 0.586538 0.126375 0.127808
0 0.0357259 0.961786 0.0714517 0.0751893
0 0.411551 0.579496 0.0931872 0.0946242
0 0.702425 0.717142 0.113957 0.113492
0 0.540152 0.328028 0.0774849 0.0775449
0 0.494691 0.0604 0.125657 0.116914
0 0.501839 0.211856 0.115929 0.115037
0 0.472276 0.373656 0.0771953 0.0789303
0 0.0464568 0.967334 0.0918402 0.0651376
0 0.323784 0.578926 0.0913927 0.0910357
0 0.758312 0.470853 0.118473 0.119066
0 0.524923 0.326688 0.0772757 0.0775117
0 0.484327 0.614583 0.0851877 0.0855916
0 0.418675 0.164143 0.104445 0.106842
0 0.37987 0.289088 0.112561 0.113539
0 0.469132 0.614343 0.0850172 0.0859983
0 0.45688 0.373998 0.0776815 0.0791079
0 0.260701 0.136221 0.0696738 0.0711688
0 0.0489983 0.955679 0.0979965 0.0870915
0 0.102487 0.914294 0.0612016 0.0616702
0 0.401686 0.161888 0.108643 0.107615
0 0.784054 0.364769 0.0664745 0.0677746
0 0.246611 0.135627 0.0708053 0.0723737
0 0.0913379 0.915585 0.0616836 0.0623291
0 0.027329 0.0276855 0.0545724 0.0549039
0 0.553392 0.161832 0.0677217 0.0658004
0 0.0294477 0.0375735 0.0587153 0.0747738
0 0.771095 0.365581 0.0681474 0.0674212
0 0.848223 0.402133 0.0735548 0.0731888
0 0.0644165 0.969103 0.12594 0.0616839
0 0.0371094 0.947807 0.0742188 0.10386
0 0.968024 0.0378437 0.0634182 0.0742483
0 0.0208544 0.0425679 0.0417088 0.0851358
0 0.0960252 0.147406 0.112307 0.116327
0 0.940612 0.972597 0.113979 0.0548052
0 0.0384388 0.0269525 0.0764796 0.053905
0 0.460847 0.979188 0.125348 0.0416246
0 0.464877 0.970703 0.154964 0.0585941
0 0.835089 0.403958 0.0708103 0.0714757
0 0.537959 0.163486 0.067238 0.0671096
0 0.83912 0.980922 0.123217 0.0380432
0 0.955356 0.0315223 0.0879253 0.0630446
0 0.957907 0.97021 0.0831562 0.0595802
0 0.0740133 0.976642 0.143533 0.0459719
0 0.73846 0.199068 0.0839483 0.0818284
0 0.962746 0.959087 0.0727715 0.080794
0 0.0417781 0.782444 0.0827956 0.19507
0 0.402843 0.976987 0.157461 0.0460256
0 0.0729845 0.958451 0.140446 0.0821078
0 0.824989 0.977785 0.13427 0.0444298
0 0.153599 0.983906 0.122689 0.0321891
0 0.448866 0.982482 0.115805 0.0350363
0 0.414087 0.983229 0.137539 0.0335419
0 0.27177 0.0314851 0.099507 0.0626458
0 0.418423 0.0281487 0.139997 0.0555936
0 0.435726 0.978399 0.142767 0.043203
0 0.60896 0.983444 0.131645 0.0331125
0 0.510518 0.966734 0.186542 0.0659938
0 0.0917397 0.980092 0.14728 0.0394521
0 0.161918 0.977354 0.14091 0.0452883
0 0.80222 0.98173 0.12233 0.0365404
0 0.381152 0.984582 0.128871 0.0308368
0 0.855356 0.976797 0.155819 0.0461912
0 0.409433 0.0205574 0.13305 0.0411148
0 0.556812 0.978259 0.149565 0.0434245
0 0.405431 0.0140426 0.121023 0.0280326
0 0.775234 0.98073 0.123178 0.0385407
0 0.477471 0.976932 0.164044 0.0457446
0 0.0569282 0.942675 0.112999 0.114649
0 0.753477 0.980136 0.136232 0.0397277
0 0.36021 0.966612 0.185858 0.0660782
0 0.432044 0.0212569 0.145129 0.0425138
0 0.191448 0.969347 0.144776 0.0613058
0 0.482892 0.983719 0.141851 0.032562
0 0.722703 0.198673 0.0847729 0.0846991
0 0.798397 0.976987 0.142218 0.0460252
0 0.282045 0.0237241 0.122825 0.0474483
0 0.591292 0.978664 0.139052 0.0426711
0 0.573239 0.983493 0.130256 0.0330133
0 0.408715 0.966147 0.189777 0.0670821
0 0.380822 0.978805 0.142112 0.042313
0 0.545626 0.983201 0.133052 0.0335191
0 0.138827 0.987266 0.103057 0.0254688
0 0.733477 0.977072 0.154945 0.0458562
0 0.555338 0.967951 0.182022 0.0637567
0 0.115464 0.984519 0.126343 0.0309616
0 0.874009 0.98149 0.137968 0.0369204
0 0.830715 0.97246 0.159896 0.0550798
0 0.957888 0.945779 0.0842249 0.108443
0 0.937232 0.962734 0.125536 0.072661
0 0.312614 0.96728 0.184715 0.0646884
