0 0.105513 0.513695 0.133885 0.130634
0 0.199299 0.395037 0.132545 0.133012
0 0.0581256 0.280264 0.116052 0.126693
0 0.701808 0.645961 0.147115 0.146081
0 0.377577 0.927965 0.112052 0.114036
0 0.959521 0.379505 0.0809577 0.154028
0 0.806286 0.917328 0.130001 0.131915
0 0.806014 0.743681 0.12006 0.120067
0 0.398219 0.621807 0.120218 0.117524
0 0.156954 0.219433 0.119544 0.120457
0 0.915076 0.943093 0.107563 0.10504
0 0.352015 0.453855 0.109762 0.109396
0 0.0957474 0.438075 0.0956244 0.0948916
0 0.908465 0.66003 0.107006 0.106674
0 0.847351 0.466249 0.125432 0.125712
0 0.695382 0.821774 0.126851 0.126952
0 0.0516742 0.891983 0.0718351 0.072698
0 0.584152 0.861338 0.0838913 0.0829432
0 0.336733 0.38807 0.0791739 0.077812
0 0.393016 0.332282 0.100579 0.100321
0 0.901501 0.168306 0.12414 0.123464
0 0.519781 0.973707 0.120613 0.0525862
0 0.542863 0.583482 0.0957611 0.0930578
0 0.678456 0.379758 0.107839 0.107421
0 0.0239032 0.963252 0.0478064 0.0711498
0 0.7534 0.453417 0.0749905 0.0744502
0 0.11431 0.970273 0.0751162 0.0587458
0 0.0285662 0.665998 0.0568704 0.104379
0 0.638255 0.951992 0.0946514 0.0891388
0 0.714042 0.228414 0.107643 0.106957
0 0.607604 0.577068 0.060855 0.0610746
0 0.346509 0.184302 0.112967 0.112651
0 0.548599 0.211932 0.0674656 0.0672997
0 0.499586 0.467001 0.11522 0.117607
0 0.222994 0.98004 0.116212 0.0396921
0 0.802552 0.176067 0.0533985 0.0543928
0 0.0249108 0.613987 0.0482977 0.0581977
0 0.474382 0.671476 0.0854204 0.0852064
0 0.500518 0.334054 0.0848141 0.0849025
0 0.455234 0.56877 0.0688753 0.0683315
0 0.261748 0.569397 0.0813052 0.0803625
0 0.621325 0.57708 0.0616026 0.0607112
0 0.535236 0.211465 0.0670023 0.0666694
0 0.476039 0.0397653 0.10645 0.0795306
0 0.515646 0.334866 0.0855936 0.0849569
0 0.247161 0.568817 0.0791239 0.0806955
0 0.210703 0.123696 0.0827889 0.0853183
0 0.557062 0.114401 0.0545333 0.0539035
0 0.73976 0.453295 0.0735057 0.0749334
0 0.332759 0.554863 0.0676524 0.0671893
0 0.572119 0.114418 0.0550297 0.0539576
0 0.850274 0.311878 0.0554585 0.0557269
0 0.318657 0.554834 0.0672934 0.0665507
0 0.985439 0.870582 0.0291214 0.089122
0 0.0323276 0.967301 0.0643518 0.0651161
0 0.470128 0.568388 0.0681955 0.0684283
0 0.836199 0.312224 0.0545963 0.0545943
0 0.787839 0.176814 0.0547258 0.0541903
0 0.027501 0.974297 0.0549255 0.051406
0 0.621156 0.113757 0.093998 0.0955081
0 0.920765 0.55983 0.0621159 0.0625085
0 0.747152 0.517663 0.0665205 0.0657633
0 0.908022 0.559417 0.0627518 0.0629133
0 0.0262006 0.819004 0.0521195 0.0788895
0 0.676183 0.271211 0.0718533 0.0745516
0 0.328656 0.834663 0.0711541 0.0716291
0 0.60592 0.114983 0.0965701 0.0891194
0 0.73265 0.518931 0.0673311 0.0684292
0 0.938926 0.511449 0.0550272 0.0561457
0 0.624253 0.287743 0.0642059 0.065851
0 0.0158766 0.660806 0.0317532 0.0979701
0 0.315545 0.834519 0.072718 0.0719727
0 0.609586 0.287957 0.0656755 0.0663636
0 0.923871 0.511461 0.0576197 0.0566041
0 0.0352417 0.655806 0.0704177 0.11927
0 0.729932 0.961554 0.0600073 0.0608491
0 0.715852 0.960597 0.0575653 0.0589287
0 0.116449 0.1507 0.109451 0.108056
0 0.215256 0.9845 0.112297 0.0310003
0 0.979352 0.0227526 0.0404171 0.0448585
0 0.0212906 0.659206 0.0425812 0.104473
0 0.327739 0.0208519 0.104041 0.0408757
0 0.989834 0.871613 0.0203324 0.0866158
0 0.782538 0.0874788 0.0500166 0.0506364
0 0.221128 0.0270512 0.117743 0.0541023
0 0.972056 0.0261934 0.0552164 0.0521281
0 0.363468 0.304899 0.0595155 0.0574712
0 0.0372911 0.976567 0.0706661 0.046463
0 0.768981 0.0870163 0.05123 0.0512715
0 0.696509 0.23077 0.105655 0.109139
0 0.316876 0.0160623 0.0988899 0.032075
0 0.963743 0.0286599 0.0725139 0.0572666
0 0.015289 0.771423 0.0305501 0.0742549
0 0.00999021 0.770726 0.0199759 0.0714404
0 0.513921 0.984728 0.113573 0.0305448
0 0.457187 0.0384836 0.109431 0.0769672
0 0.66276 0.272707 0.0691022 0.0700578
0 0.0437761 0.961925 0.0844286 0.0748105
0 0.351633 0.304133 0.0622319 0.058941
0 0.457742 0.986008 0.103091 0.0279842
0 0.540465 0.983854 0.125448 0.0322912
0 0.260775 0.829304 0.0535158 0.0529071
0 0.0464001 0.971896 0.091942 0.0562079
0 0.0460441 0.981242 0.0902275 0.0373889
0 0.45933 0.979342 0.110566 0.041317
0 0.535221 0.970093 0.126967 0.0596555
0 0.559784 0.985612 0.120189 0.0287755
0 0.550676 0.00868069 0.0707197 0.0173548
0 0.963433 0.972498 0.0719105 0.0550044
0 0.439088 0.980002 0.117931 0.0399956
0 0.445061 0.988257 0.0947979 0.0234872
0 0.411746 0.986581 0.103455 0.0266902
0 0.0417695 0.898336 0.0784229 0.0862864
0 0.0272292 0.0398387 0.0543611 0.078625
0 0.452973 0.0219699 0.119865 0.0439397
0 0.394303 0.986168 0.101296 0.0276432
0 0.408636 0.980444 0.117136 0.0391125
0 0.508703 0.978803 0.122233 0.0423946
0 0.249306 0.830487 0.0534072 0.0539742
0 0.89615 0.988321 0.0922455 0.0233574
0 0.488193 0.986226 0.12188 0.0275471
0 0.614673 0.980013 0.123527 0.0399732
0 0.208559 0.0206783 0.116628 0.0412699
0 0.381686 0.980851 0.114578 0.038119
0 0.0181675 0.81902 0.03617 0.0861445
0 0.551718 0.978348 0.136979 0.0433043
0 0.689365 0.980954 0.12287 0.0380924
0 0.32863 0.0140032 0.102213 0.0280064
0 0.061436 0.984358 0.109678 0.0310237
0 0.36852 0.986284 0.1011 0.027433
0 0.205078 0.987205 0.111396 0.0255899
