0 0.067808 0.805131 0.126236 0.129484
0 0.928821 0.810347 0.137734 0.13949
0 0.356163 0.577266 0.128149 0.131917
0 0.560656 0.958414 0.143518 0.0831711
0 0.327902 0.940817 0.116766 0.111833
0 0.349372 0.350869 0.140254 0.139811
0 0.762503 0.598382 0.142648 0.141783
0 0.0392377 0.558244 0.0783272 0.116501
0 0.922425 0.959428 0.108546 0.080919
0 0.132188 0.465375 0.118856 0.115766
0 0.0415796 0.205688 0.0830663 0.0992633
0 0.118797 0.147339 0.11264 0.111748
0 0.473756 0.874581 0.12968 0.129444
0 0.966126 0.22559 0.0677483 0.120107
0 0.0752146 0.307846 0.0882986 0.0879399
0 0.661113 0.567518 0.0808065 0.0800213
0 0.507952 0.414727 0.118592 0.119851
0 0.331433 0.178963 0.111487 0.110326
0 0.241578 0.414393 0.10815 0.107708
0 0.679836 0.275356 0.115483 0.115951
0 0.409799 0.0920466 0.0927183 0.0924
0 0.441043 0.494253 0.0680962 0.0674887
0 0.759362 0.223242 0.0949765 0.0952683
0 0.42536 0.0936266 0.0906798 0.0920571
0 0.772369 0.859138 0.0974304 0.0966306
0 0.562994 0.563703 0.0849348 0.084737
0 0.645843 0.567529 0.0799483 0.0802315
0 0.69465 0.488189 0.0757809 0.0757964
0 0.509731 0.304731 0.0802119 0.0806515
0 0.393326 0.822327 0.0734235 0.0743143
0 0.694797 0.404882 0.0796755 0.0821162
0 0.494917 0.305033 0.0791752 0.0803186
0 0.444487 0.249985 0.0678177 0.0665105
0 0.710128 0.488669 0.0776964 0.0764498
0 0.194595 0.903985 0.0699976 0.0710485
0 0.42712 0.494404 0.0684925 0.0695032
0 0.208922 0.904236 0.0695952 0.0710623
0 0.429334 0.250137 0.0671898 0.0668241
0 0.578358 0.565094 0.084099 0.0859155
0 0.344747 0.723504 0.0716601 0.0706451
0 0.868058 0.361471 0.08848 0.0884244
0 0.932004 0.0640381 0.109986 0.109489
0 0.868069 0.9759 0.107926 0.0482
0 0.359132 0.723244 0.0698842 0.0712176
0 0.430627 0.724324 0.066704 0.0664651
0 0.415553 0.723982 0.0673136 0.0668605
0 0.379073 0.822924 0.0728607 0.0731608
0 0.13512 0.669706 0.0938905 0.0921051
0 0.540607 0.501339 0.0606336 0.0595533
0 0.489222 0.0319308 0.0720389 0.0638616
0 0.680789 0.405817 0.0802938 0.0809694
0 0.88272 0.360771 0.0904776 0.0915665
0 0.861904 0.509503 0.0667744 0.0668971
0 0.873981 0.068419 0.0608322 0.0632555
0 0.755913 0.859075 0.0989597 0.0990065
0 0.743352 0.223058 0.0949238 0.0928039
0 0.623776 0.282563 0.0397264 0.0405029
0 0.0685623 0.8906 0.0673012 0.0663259
0 0.767236 0.961165 0.0528437 0.0527802
0 0.473248 0.0326503 0.0736826 0.0653006
0 0.848287 0.51077 0.0672321 0.0672161
0 0.281127 0.637138 0.061931 0.0636002
0 0.526063 0.50121 0.0617667 0.0619853
0 0.0451695 0.972368 0.0895502 0.0552642
0 0.0579361 0.984401 0.115353 0.0309109
0 0.0239705 0.96678 0.0479409 0.0651115
0 0.0342512 0.96858 0.0685024 0.0624738
0 0.295623 0.637398 0.0622529 0.0631274
0 0.187854 0.80746 0.067283 0.0679947
0 0.753144 0.960522 0.0518806 0.0521383
0 0.859553 0.0683403 0.0618994 0.0646457
0 0.29451 0.300524 0.100643 0.100923
0 0.174298 0.806782 0.0688571 0.0683479
0 0.11798 0.667548 0.0905948 0.0915534
0 0.0554891 0.978236 0.106933 0.0435273
0 0.939379 0.510838 0.0469042 0.0478966
0 0.72057 0.0692632 0.0796209 0.0807835
0 0.952122 0.510655 0.0460449 0.0474054
0 0.656125 0.092512 0.0598845 0.057995
0 0.7047 0.0707287 0.0795826 0.0807456
0 0.250933 0.0586367 0.0911739 0.0932988
0 0.924961 0.436513 0.0736187 0.0727535
0 0.361477 0.0894137 0.0402613 0.0407127
0 0.609641 0.28328 0.0400645 0.0398892
0 0.0346136 0.683294 0.0692273 0.0971105
0 0.0567375 0.890079 0.071731 0.0693415
0 0.3682 0.0131641 0.0537945 0.0261075
0 0.622232 0.332949 0.0388346 0.0378936
0 0.0370237 0.98013 0.0720394 0.0397407
0 0.909342 0.438612 0.0741348 0.0731689
0 0.641126 0.0934465 0.0604766 0.0588021
0 0.60791 0.333171 0.0397412 0.0389488
0 0.354215 0.013294 0.0548381 0.0263768
0 0.963698 0.97221 0.0714035 0.0555806
0 0.347504 0.0897575 0.0402029 0.0409915
0 0.655379 0.0198279 0.0891787 0.039643
0 0.0846869 0.986155 0.119533 0.0274544
0 0.977435 0.974425 0.0449694 0.0499542
0 0.984966 0.566652 0.0299097 0.0576853
0 0.170801 0.0731732 0.068836 0.0701647
0 0.535649 0.0105833 0.103692 0.0211666
0 0.0783244 0.98227 0.127516 0.0354604
0 0.154948 0.073365 0.0689333 0.0691083
0 0.978653 0.962743 0.041905 0.072047
0 0.0321265 0.327907 0.0616337 0.0689025
0 0.546062 0.0182156 0.111783 0.0364312
0 0.236692 0.0547124 0.0944634 0.0997464
0 0.0304425 0.955231 0.0605347 0.0877749
0 0.872849 0.0183245 0.0937206 0.036649
0 0.652853 0.0145947 0.0823187 0.0290386
0 0.105003 0.98175 0.111846 0.036501
0 0.990172 0.5668 0.0196554 0.0580246
0 0.288875 0.978413 0.11397 0.043099
0 0.288438 0.984388 0.104053 0.0312232
