0 0.920923 0.862916 0.156477 0.168418
0 0.338448 0.902215 0.174753 0.173856
0 0.935718 0.675231 0.127041 0.140198
0 0.809767 0.324602 0.188329 0.190991
0 0.687984 0.965551 0.168838 0.0688981
0 0.28716 0.106045 0.177455 0.179
0 0.510889 0.773091 0.156592 0.158404
0 0.244113 0.739075 0.125914 0.124266
0 0.551926 0.146748 0.154519 0.154135
0 0.666021 0.779773 0.160652 0.159597
0 0.0567112 0.553228 0.11184 0.11605
0 0.698482 0.207034 0.138431 0.137268
0 0.482371 0.959529 0.196717 0.0809423
0 0.77243 0.665731 0.145753 0.145428
0 0.132504 0.449289 0.117318 0.116151
0 0.277325 0.644446 0.10848 0.112277
0 0.139022 0.618326 0.104855 0.104412
0 0.311326 0.419683 0.150044 0.151333
0 0.386494 0.526058 0.126385 0.124586
0 0.640636 0.285908 0.120453 0.121056
0 0.0448326 0.969435 0.088416 0.060834
0 0.179152 0.906714 0.142838 0.146074
0 0.0355186 0.963456 0.0710373 0.0719282
0 0.898747 0.521024 0.125868 0.121541
0 0.702932 0.494633 0.110281 0.109547
0 0.660879 0.365485 0.110357 0.109364
0 0.546957 0.386824 0.104235 0.102464
0 0.378295 0.705 0.0918622 0.0926318
0 0.0385278 0.113007 0.0769252 0.146905
0 0.546998 0.605329 0.106736 0.107407
0 0.452023 0.244088 0.0745415 0.0741776
0 0.318721 0.40499 0.126418 0.125406
0 0.959917 0.96164 0.0792147 0.0767211
0 0.0505385 0.959428 0.100508 0.0798894
0 0.103619 0.714507 0.161357 0.16218
0 0.466409 0.244989 0.073494 0.0744535
0 0.417847 0.0378411 0.145912 0.0756823
0 0.813066 0.796693 0.0787827 0.0771673
0 0.611517 0.546373 0.0789988 0.0778332
0 0.680393 0.576799 0.0745538 0.0735598
0 0.626515 0.546572 0.079277 0.0772087
0 0.947222 0.035749 0.0997192 0.071498
0 0.79853 0.796239 0.0780981 0.0775052
0 0.962575 0.0329682 0.0739224 0.0639884
0 0.69406 0.577088 0.0756259 0.0752851
0 0.965346 0.96989 0.0691841 0.0594032
0 0.600271 0.468741 0.0875319 0.0867301
0 0.532644 0.961952 0.153809 0.0760957
0 0.944037 0.968328 0.107761 0.0633451
0 0.58498 0.469046 0.0883308 0.0887021
0 0.974064 0.955977 0.0511448 0.0862376
0 0.889497 0.985606 0.103352 0.0287875
0 0.958296 0.0243882 0.0821331 0.0485648
0 0.0542752 0.976323 0.106935 0.0471319
0 0.033705 0.0308762 0.0673808 0.0613564
0 0.969668 0.465404 0.0603512 0.138353
0 0.0663148 0.968229 0.13263 0.0635423
0 0.107466 0.685593 0.180995 0.203732
0 0.959544 0.295795 0.0809127 0.106323
0 0.95207 0.95422 0.0950645 0.0912984
0 0.027082 0.0264711 0.0541001 0.0528395
0 0.0500399 0.942403 0.10008 0.115193
0 0.806245 0.98141 0.117468 0.0371793
0 0.0293725 0.105214 0.058745 0.133554
0 0.838989 0.979875 0.153102 0.0400388
0 0.047841 0.0260621 0.0902694 0.0521242
0 0.922337 0.961278 0.15435 0.0773204
0 0.0239936 0.0442036 0.0479872 0.0838553
0 0.176213 0.138645 0.0559686 0.0555805
0 0.86502 0.982043 0.133132 0.0359133
0 0.126887 0.979716 0.125919 0.0403783
0 0.0217373 0.0330383 0.0434746 0.0651275
0 0.818629 0.97451 0.149834 0.0509805
0 0.925997 0.972196 0.146644 0.0556077
0 0.928233 0.978955 0.127547 0.041976
0 0.103213 0.979264 0.140078 0.0410225
0 0.162487 0.137656 0.0560698 0.0572177
0 0.8923 0.980203 0.110871 0.0395944
0 0.0404341 0.0369491 0.0803968 0.0738983
0 0.883578 0.0606118 0.196902 0.121095
0 0.0716212 0.979141 0.143242 0.0411357
0 0.423599 0.0229571 0.140272 0.0458849
0 0.0372042 0.945742 0.0744084 0.105884
0 0.0961707 0.973978 0.160448 0.0518387
0 0.141735 0.982059 0.117205 0.0357946
0 0.442785 0.976512 0.158562 0.0469768
0 0.687046 0.976394 0.180518 0.0470193
0 0.253409 0.975937 0.143684 0.0481257
0 0.244629 0.980109 0.119731 0.0397825
0 0.79497 0.977395 0.122761 0.045211
0 0.446526 0.982887 0.135253 0.0342267
0 0.189841 0.270121 0.0705847 0.0677268
0 0.153123 0.97615 0.13045 0.0476995
0 0.38752 0.976817 0.141653 0.0463666
0 0.174814 0.981215 0.118952 0.0375703
0 0.212805 0.9793 0.120839 0.0412893
0 0.424122 0.98271 0.126796 0.0345797
0 0.878024 0.962112 0.18866 0.0757755
0 0.391006 0.982127 0.124061 0.0357462
0 0.858107 0.974546 0.160048 0.0509089
0 0.983837 0.950219 0.0323071 0.0995625
0 0.244094 0.969047 0.161997 0.0619061
0 0.120204 0.970182 0.168077 0.0596355
0 0.149071 0.969541 0.164693 0.0609178
0 0.0780051 0.954048 0.154333 0.0909434
0 0.531839 0.187123 0.0771908 0.0794844
0 0.190185 0.974716 0.138434 0.0505689
0 0.598841 0.978817 0.141951 0.0423653
0 0.208023 0.96953 0.163251 0.0609395
0 0.361293 0.965605 0.195996 0.0684367
0 0.516603 0.184823 0.078051 0.0775742
0 0.314164 0.966397 0.192219 0.0666643
0 0.898552 0.975709 0.159843 0.0485817
