0 0.9492 0.730304 0.101601 0.130808
0 0.225778 0.707915 0.153283 0.153399
0 0.8305 0.576111 0.1684 0.167024
0 0.739844 0.866342 0.179062 0.177818
0 0.429817 0.476167 0.145127 0.145007
0 0.880704 0.850718 0.157214 0.157323
0 0.585329 0.768645 0.156209 0.153082
0 0.684972 0.541898 0.139865 0.143852
0 0.350231 0.691084 0.132887 0.134054
0 0.218141 0.936116 0.110526 0.111261
0 0.0725273 0.515779 0.14315 0.157551
0 0.477378 0.677567 0.105789 0.102543
0 0.209102 0.485927 0.115952 0.113585
0 0.0428623 0.969811 0.0849766 0.0600586
0 0.0340991 0.964514 0.0681983 0.0697411
0 0.23856 0.589555 0.105649 0.107766
0 0.614116 0.972034 0.166147 0.0559313
0 0.0368061 0.757407 0.0726516 0.0989624
0 0.454145 0.807662 0.0713478 0.0712055
0 0.439033 0.807898 0.069194 0.0692729
0 0.694356 0.306235 0.118354 0.119609
0 0.330851 0.57948 0.111368 0.114554
0 0.153786 0.346703 0.107124 0.104556
0 0.766307 0.399973 0.105656 0.104669
0 0.583544 0.566915 0.103789 0.104718
0 0.872034 0.261292 0.0972813 0.0961146
0 0.103179 0.982524 0.108401 0.0347345
0 0.0498172 0.955583 0.0996344 0.0876621
0 0.946563 0.980675 0.106875 0.0386501
0 0.824975 0.148987 0.0917927 0.093616
0 0.0897931 0.683156 0.0881673 0.0853508
0 0.442186 0.649336 0.0620821 0.0619016
0 0.0902959 0.979622 0.125005 0.040726
0 0.573881 0.269565 0.115881 0.116242
0 0.0531336 0.979633 0.105154 0.0407332
0 0.566328 0.559787 0.106368 0.110604
0 0.484025 0.43536 0.104493 0.100035
0 0.682172 0.31673 0.120106 0.121225
0 0.461277 0.307881 0.069054 0.0697119
0 0.421618 0.108698 0.0854208 0.0874803
0 0.427855 0.65054 0.0650281 0.0625411
0 0.962839 0.295651 0.0741758 0.081698
0 0.0303052 0.758106 0.0602853 0.119812
0 0.950847 0.974408 0.0981613 0.0500882
0 0.0348527 0.950186 0.0694361 0.0995017
0 0.361622 0.527069 0.0984264 0.0969176
0 0.980245 0.894699 0.0392609 0.0915091
0 0.446807 0.307143 0.0681526 0.0682957
0 0.978271 0.450752 0.0434036 0.0769159
0 0.068031 0.971688 0.13308 0.0565783
0 0.983933 0.449342 0.0320787 0.0686026
0 0.409704 0.11376 0.0867663 0.0891907
0 0.502536 0.22683 0.0560393 0.0555407
0 0.312657 0.574187 0.113202 0.112408
0 0.027653 0.741665 0.055306 0.103485
