0 0.440024 0.8423 0.206387 0.20803
0 0.265419 0.947694 0.197267 0.103602
0 0.68176 0.455732 0.208052 0.207598
0 0.141292 0.581304 0.146775 0.145674
0 0.261682 0.602015 0.159365 0.155437
0 0.408179 0.296008 0.174079 0.176836
0 0.804416 0.62187 0.160135 0.158193
0 0.565794 0.386526 0.157656 0.156292
0 0.521728 0.1635 0.163906 0.162591
0 0.183265 0.412548 0.144372 0.140375
0 0.4996 0.598703 0.136271 0.135928
0 0.56006 0.719897 0.135836 0.134543
0 0.280881 0.214986 0.149267 0.151993
0 0.950946 0.508094 0.0974649 0.119474
0 0.190165 0.772844 0.111902 0.111467
0 0.61444 0.960756 0.206672 0.0784885
0 0.0381683 0.391678 0.0763365 0.139918
0 0.29102 0.756043 0.124946 0.124972
0 0.813248 0.918466 0.197121 0.162339
0 0.601504 0.910965 0.126993 0.130691
0 0.0359549 0.628458 0.0716096 0.0889402
0 0.126198 0.897184 0.102238 0.10073
0 0.0348419 0.961013 0.0696838 0.0766233
0 0.955332 0.962098 0.0881128 0.0758031
0 0.940479 0.945902 0.118559 0.108196
0 0.0472644 0.952165 0.0945289 0.0956708
0 0.876258 0.374456 0.124654 0.126254
0 0.0493297 0.23707 0.0924831 0.0941389
0 0.964878 0.949065 0.0693396 0.0997657
0 0.930103 0.751886 0.136951 0.161216
0 0.0302833 0.928634 0.0602612 0.116446
0 0.400024 0.589171 0.0937466 0.094915
0 0.9614 0.968968 0.0771994 0.0612768
0 0.933646 0.964133 0.129902 0.0717334
0 0.328194 0.511979 0.0753319 0.0758083
0 0.922971 0.931598 0.150682 0.136803
0 0.312387 0.511542 0.0736877 0.0748633
0 0.144599 0.619544 0.0752731 0.0738566
0 0.0429674 0.970034 0.0841638 0.0599314
0 0.0578309 0.939516 0.114377 0.120969
0 0.594817 0.0660746 0.1457 0.131127
0 0.211875 0.417046 0.0830288 0.0804582
0 0.784158 0.804451 0.10864 0.115098
0 0.955901 0.940463 0.0881985 0.119074
0 0.131539 0.619282 0.0740967 0.0741544
0 0.0833224 0.936533 0.166645 0.126933
0 0.27152 0.37275 0.0797941 0.0779999
0 0.225397 0.41935 0.0827352 0.081154
0 0.869802 0.291665 0.0899151 0.0911612
0 0.419908 0.724694 0.135896 0.125824
0 0.897863 0.140162 0.106492 0.108227
0 0.912367 0.95287 0.174011 0.0936643
0 0.25711 0.373463 0.078405 0.0781844
0 0.0507739 0.978801 0.0985457 0.0423915
0 0.0301213 0.0257849 0.0597315 0.0511673
0 0.0791413 0.96804 0.158283 0.0639202
0 0.974942 0.0297143 0.0493046 0.0594285
0 0.0949333 0.153617 0.095769 0.102174
0 0.921605 0.971925 0.156789 0.0560594
0 0.020362 0.0310509 0.040657 0.0621019
0 0.927739 0.979388 0.144521 0.0410688
0 0.225888 0.104414 0.131399 0.130435
0 0.967672 0.0227535 0.0633938 0.0455069
0 0.851894 0.292535 0.0816368 0.0820101
0 0.966793 0.035784 0.0664146 0.07132
0 0.692717 0.78598 0.140853 0.138036
0 0.0237533 0.0424133 0.047401 0.0810403
0 0.0834033 0.981408 0.150809 0.0370834
0 0.890871 0.924905 0.216168 0.150189
0 0.398438 0.126144 0.157817 0.160158
0 0.959794 0.916863 0.0804132 0.163428
0 0.866194 0.387843 0.124126 0.126025
