0 0.444082 0.630726 0.161833 0.161369
0 0.888684 0.925959 0.137407 0.13419
0 0.83486 0.778909 0.126554 0.12652
0 0.560208 0.78167 0.137203 0.138796
0 0.479451 0.315346 0.130698 0.131492
0 0.941985 0.618067 0.115798 0.131198
0 0.110371 0.963 0.141515 0.0740009
0 0.961121 0.810809 0.0773125 0.131068
0 0.181755 0.356509 0.114478 0.114441
0 0.755701 0.676428 0.107636 0.106875
0 0.0283978 0.907098 0.0567956 0.151243
0 0.467602 0.896593 0.125523 0.124997
0 0.683818 0.850205 0.120434 0.120647
0 0.960149 0.969404 0.0782009 0.0611914
0 0.258758 0.429808 0.110691 0.110582
0 0.318895 0.948815 0.116235 0.102371
0 0.728276 0.287399 0.0973016 0.0969916
0 0.601047 0.648928 0.101595 0.100535
0 0.0829086 0.571198 0.10228 0.104038
0 0.801243 0.857174 0.105666 0.106502
0 0.773109 0.451043 0.114405 0.113242
0 0.210446 0.850433 0.0833548 0.0819725
0 0.278934 0.812408 0.0869884 0.0879906
0 0.697538 0.37533 0.0777899 0.0779427
0 0.682871 0.373812 0.0782347 0.0786949
0 0.380794 0.453461 0.0854882 0.0859442
0 0.850083 0.291047 0.0750223 0.0742146
0 0.970252 0.964792 0.058902 0.0685926
0 0.281564 0.636009 0.0750265 0.0764595
0 0.836173 0.291492 0.0762392 0.0769565
0 0.194758 0.849833 0.0819045 0.0819277
0 0.267863 0.636946 0.0762002 0.0759869
0 0.219914 0.759476 0.0966869 0.0967246
0 0.309193 0.490609 0.101801 0.103209
0 0.71532 0.124295 0.0812055 0.0789719
0 0.391622 0.779231 0.08514 0.0855288
0 0.407365 0.779637 0.0863237 0.0851385
0 0.217957 0.51874 0.108045 0.109566
0 0.912851 0.459259 0.0823292 0.0820439
0 0.0490457 0.0788677 0.0854429 0.0864121
0 0.535965 0.303929 0.0969112 0.0968359
0 0.699621 0.124001 0.0795044 0.0786587
0 0.197695 0.976029 0.13842 0.0479418
0 0.0741814 0.133601 0.0743805 0.074213
0 0.236404 0.0810022 0.0574947 0.0588636
0 0.83221 0.0887818 0.0710325 0.0719666
0 0.250626 0.0807439 0.0567197 0.057698
0 0.820544 0.227962 0.0381615 0.038366
0 0.0638785 0.0796471 0.0849209 0.0859655
0 0.145865 0.143768 0.0906098 0.0916918
0 0.0514155 0.154936 0.0941002 0.0972238
0 0.0925816 0.372831 0.0840166 0.0866413
0 0.0311915 0.967077 0.0623829 0.064621
0 0.806495 0.227868 0.037682 0.038491
0 0.0586639 0.280803 0.115137 0.117388
0 0.944418 0.964959 0.108427 0.0700812
0 0.625499 0.320109 0.0880707 0.0897741
0 0.644891 0.298829 0.0964653 0.0962884
0 0.817324 0.0885439 0.0731823 0.0737129
0 0.336703 0.227609 0.0715978 0.071892
0 0.399022 0.293842 0.0642314 0.0646336
0 0.897969 0.459423 0.0826817 0.0840217
0 0.159578 0.429922 0.0724944 0.0724079
0 0.774859 0.152446 0.0495536 0.0500181
0 0.54777 0.551436 0.0517671 0.052065
0 0.934242 0.308881 0.082634 0.0865705
0 0.951287 0.162092 0.0527187 0.0529909
0 0.349916 0.22831 0.0705018 0.071827
0 0.145415 0.429726 0.0728282 0.0716126
0 0.759435 0.152668 0.0495014 0.0509572
0 0.0631589 0.137605 0.0832071 0.0819256
0 0.965401 0.95611 0.0688297 0.0874255
0 0.0420339 0.970453 0.0830927 0.0590932
0 0.949778 0.601899 0.100359 0.14073
0 0.950015 0.977113 0.0967392 0.0457746
0 0.657241 0.739725 0.0554613 0.0564457
0 0.604972 0.428025 0.0528481 0.0543521
0 0.610914 0.324172 0.0855903 0.087104
0 0.936999 0.162524 0.0522816 0.052284
0 0.532379 0.552287 0.0511068 0.0515971
0 0.120653 0.971633 0.160167 0.0563886
0 0.343484 0.351252 0.0582554 0.0588371
0 0.643734 0.738483 0.0556992 0.0559446
0 0.0782001 0.370097 0.0850735 0.0841323
0 0.887108 0.154412 0.0494432 0.0496849
0 0.620811 0.492848 0.0472155 0.0472398
0 0.70256 0.986667 0.104283 0.0266663
0 0.945452 0.363967 0.0582317 0.0605143
0 0.366608 0.45537 0.0852636 0.0855094
0 0.377783 0.0122678 0.0702384 0.024377
0 0.143688 0.09688 0.067473 0.0655291
0 0.2008 0.0783492 0.0423224 0.042639
0 0.389911 0.0126629 0.0690455 0.0252868
0 0.872231 0.154575 0.0507998 0.0505916
0 0.525831 0.301172 0.110325 0.114235
0 0.32918 0.35204 0.0587219 0.0576794
0 0.934225 0.974618 0.129258 0.0507646
0 0.589554 0.429162 0.0532032 0.0535154
0 0.383958 0.293923 0.0643046 0.065392
0 0.0490882 0.977553 0.0936291 0.044895
0 0.606459 0.492935 0.0476933 0.0482109
0 0.707395 0.978197 0.114208 0.043607
0 0.103296 0.980474 0.14604 0.0390527
0 0.393175 0.0172305 0.0693335 0.0344073
0 0.946758 0.982681 0.106484 0.0346386
0 0.546525 0.431429 0.0508089 0.0511419
0 0.598636 0.195123 0.0631941 0.0629134
0 0.186897 0.0800171 0.0417985 0.0417841
0 0.0504898 0.963142 0.0973786 0.0735664
0 0.923262 0.314952 0.0829903 0.081945
0 0.170154 0.115876 0.0429355 0.0429523
0 0.969035 0.796986 0.0619297 0.110826
0 0.302854 0.0720684 0.0700877 0.0707664
0 0.185305 0.114065 0.0429107 0.0442284
0 0.287416 0.0729601 0.0704151 0.0699343
0 0.132597 0.0998936 0.0677148 0.0668052
0 0.20169 0.982986 0.14132 0.033998
0 0.93475 0.361792 0.0589046 0.0588144
