0 0.843271 0.960936 0.13533 0.0781285
0 0.940317 0.741289 0.112065 0.111836
0 0.95525 0.960937 0.0868902 0.0781269
0 0.88145 0.866888 0.122024 0.121296
0 0.572402 0.889388 0.128064 0.131967
0 0.0469526 0.961038 0.0905253 0.0773773
0 0.388056 0.974157 0.121611 0.0516862
0 0.228608 0.70781 0.11581 0.115057
0 0.621793 0.859947 0.102906 0.103216
0 0.73173 0.868845 0.129643 0.130098
0 0.855865 0.455854 0.108743 0.107119
0 0.656663 0.56251 0.097242 0.0985209
0 0.215412 0.976327 0.123787 0.0473282
0 0.875982 0.630574 0.0926998 0.0922699
0 0.314932 0.487527 0.106988 0.105864
0 0.472494 0.592625 0.105002 0.104173
0 0.402666 0.883368 0.0819236 0.0834478
0 0.472754 0.893018 0.0950032 0.0978405
0 0.0715312 0.916687 0.0772687 0.0788556
0 0.673632 0.636506 0.0740668 0.0746972
0 0.86028 0.679645 0.0988758 0.0992432
0 0.224736 0.842282 0.0817593 0.0824669
0 0.659438 0.636055 0.0740402 0.0749931
0 0.678039 0.773261 0.0777758 0.0770523
0 0.601271 0.479667 0.0840627 0.084082
0 0.536954 0.565755 0.0431191 0.0414795
0 0.693619 0.773854 0.0778955 0.077993
0 0.551302 0.566033 0.0419225 0.0417363
0 0.324787 0.683304 0.103589 0.104731
0 0.388688 0.882851 0.0810552 0.0834765
0 0.518981 0.390757 0.0842293 0.0832984
0 0.0839971 0.434249 0.0899055 0.0913452
0 0.209692 0.842655 0.0808902 0.0816338
0 0.191132 0.588242 0.101607 0.100824
0 0.976997 0.50422 0.046007 0.0556137
0 0.142407 0.929383 0.0698973 0.0685206
0 0.586157 0.479599 0.0838522 0.0843189
0 0.373317 0.304477 0.0896274 0.0897151
0 0.511404 0.759611 0.0564749 0.0565655
0 0.612214 0.620426 0.0630514 0.0635387
0 0.596683 0.619903 0.0633814 0.0639994
0 0.353942 0.459081 0.0885146 0.0872148
0 0.504673 0.390277 0.0832091 0.0854965
0 0.129491 0.929084 0.0683462 0.0674233
0 0.903726 0.458251 0.0880245 0.0853088
0 0.19456 0.251401 0.105091 0.107838
0 0.0501075 0.762967 0.0788172 0.0778893
0 0.0436747 0.819333 0.0873493 0.100363
0 0.164121 0.815782 0.0705949 0.0727587
0 0.755316 0.674756 0.0750963 0.0744161
0 0.149629 0.815365 0.0719629 0.0721094
0 0.0632658 0.764017 0.0789736 0.0791035
0 0.966855 0.50524 0.0581007 0.0582576
0 0.749608 0.5477 0.0737482 0.0747998
0 0.358637 0.302542 0.0896506 0.0901028
0 0.769745 0.674375 0.0734447 0.0743581
0 0.260389 0.209661 0.0683876 0.0693604
0 0.15011 0.526883 0.0823355 0.0843103
0 0.134341 0.526362 0.0821467 0.0828613
0 0.77937 0.494822 0.0868168 0.0855203
0 0.543116 0.182835 0.0905406 0.0913789
0 0.276467 0.790523 0.0479779 0.0485008
0 0.114368 0.733609 0.0637788 0.0631513
0 0.496214 0.760196 0.0556574 0.0553969
0 0.43988 0.352675 0.0745159 0.0750015
0 0.403919 0.497101 0.0715053 0.0709042
0 0.515342 0.0797593 0.0799078 0.0799624
0 0.247532 0.20771 0.0686335 0.069149
0 0.428 0.709398 0.0852716 0.0843427
0 0.455714 0.420739 0.0543839 0.0543996
0 0.648542 0.327606 0.0852371 0.0848298
0 0.262962 0.791115 0.0476849 0.0483724
0 0.631877 0.327345 0.0863655 0.0866673
0 0.307578 0.680407 0.104624 0.10452
0 0.407114 0.0840695 0.0705045 0.0695025
0 0.387816 0.497585 0.0722556 0.0715134
0 0.392964 0.0841048 0.0728396 0.071182
0 0.0583181 0.91695 0.0765827 0.0771264
0 0.500701 0.0784465 0.0778135 0.0812721
0 0.413122 0.645903 0.0996922 0.104265
0 0.88804 0.457441 0.0906504 0.0890348
0 0.099956 0.734309 0.063097 0.0640595
0 0.734953 0.548981 0.0742116 0.0756715
0 0.855383 0.28482 0.0782906 0.0779861
0 0.765183 0.492907 0.0878164 0.0889092
0 0.439299 0.420969 0.0567378 0.0554276
0 0.728836 0.341389 0.0774733 0.0769323
0 0.424243 0.352923 0.0736852 0.0747003
0 0.316663 0.268302 0.0758849 0.0759295
0 0.413284 0.708711 0.0846202 0.0877603
0 0.264262 0.574141 0.0740047 0.0744479
0 0.7116 0.101901 0.0857607 0.0872
0 0.300553 0.26611 0.0757231 0.0770161
0 0.489554 0.249794 0.0733628 0.0757128
0 0.0954316 0.201226 0.0585937 0.0588841
0 0.618493 0.273831 0.0622025 0.061891
0 0.057003 0.3889 0.0890601 0.0892863
0 0.793243 0.676892 0.0596582 0.060674
0 0.713455 0.340501 0.0794468 0.0766209
0 0.840884 0.288181 0.0779259 0.0777244
0 0.467048 0.670825 0.0515449 0.0531896
0 0.0805454 0.201479 0.0581625 0.0583873
0 0.250206 0.573353 0.0734516 0.0736335
0 0.866707 0.158278 0.0750679 0.0770245
0 0.0182496 0.659926 0.0362638 0.075189
0 0.223912 0.983372 0.116195 0.0331673
0 0.695796 0.097774 0.086073 0.0870481
0 0.930174 0.259998 0.0563946 0.0552463
0 0.476883 0.253418 0.0766404 0.0796925
0 0.451484 0.671617 0.0532091 0.0538104
0 0.512449 0.320882 0.0703638 0.0734652
0 0.30089 0.338608 0.0758025 0.0765952
0 0.398292 0.982401 0.121705 0.0350365
0 0.580644 0.292268 0.0412283 0.0408955
0 0.603757 0.274631 0.0633024 0.0606408
0 0.550507 0.274179 0.0371442 0.0383043
0 0.459489 0.262407 0.060277 0.0598272
0 0.302652 0.113732 0.0562043 0.0572266
0 0.782344 0.675414 0.0624126 0.061455
0 0.993126 0.819367 0.013748 0.0668198
0 0.536143 0.274429 0.0381592 0.0395144
