0 0.478141 0.778985 0.236501 0.234816
0 0.453709 0.576 0.1891 0.183124
0 0.921185 0.531055 0.156844 0.178044
0 0.245455 0.519111 0.176983 0.179606
0 0.206724 0.890615 0.239148 0.21877
0 0.23822 0.270281 0.171526 0.168363
0 0.226574 0.714112 0.162815 0.163442
0 0.626557 0.668851 0.162847 0.160917
0 0.491138 0.338994 0.17484 0.173364
0 0.929977 0.242848 0.133694 0.140894
0 0.669158 0.0661885 0.169879 0.131284
0 0.524022 0.12879 0.159715 0.159807
0 0.811497 0.100728 0.163564 0.165669
0 0.409794 0.288014 0.139243 0.137736
0 0.811348 0.356149 0.141304 0.140066
0 0.639218 0.940535 0.153211 0.118931
0 0.036137 0.952684 0.072274 0.093633
0 0.0525716 0.942561 0.104907 0.113774
0 0.365745 0.436049 0.102133 0.101855
0 0.759252 0.883913 0.109503 0.10885
0 0.0663213 0.933099 0.132605 0.131393
0 0.286646 0.129918 0.099577 0.0991806
0 0.0496201 0.96248 0.0977611 0.0750397
0 0.0874869 0.564407 0.099309 0.0981894
0 0.64829 0.77842 0.102722 0.105324
0 0.854868 0.7548 0.0997375 0.100966
0 0.565801 0.432317 0.0996264 0.101325
0 0.0242307 0.0341454 0.0484615 0.068179
0 0.0382016 0.0307832 0.0762987 0.0612207
0 0.965524 0.0249176 0.0677355 0.0492674
0 0.96201 0.961429 0.0759806 0.0761297
0 0.0295016 0.0424379 0.0590033 0.0832613
0 0.0533617 0.972696 0.104605 0.0542241
0 0.866472 0.744195 0.0957979 0.0947019
0 0.0973838 0.947467 0.190346 0.104698
0 0.940654 0.946391 0.118097 0.107219
0 0.549703 0.429499 0.100974 0.103479
0 0.955017 0.971592 0.0894129 0.056329
0 0.0520624 0.024537 0.0980522 0.049074
0 0.065961 0.956306 0.129884 0.0868054
0 0.944763 0.964605 0.108536 0.0707892
0 0.255184 0.142376 0.0655339 0.067968
0 0.2702 0.127717 0.0976264 0.0946802
0 0.841739 0.762522 0.0990223 0.0976964
0 0.92565 0.953957 0.147666 0.0915126
0 0.957414 0.947673 0.0841915 0.104393
0 0.959252 0.0183046 0.0762209 0.0365646
0 0.241489 0.14183 0.0617398 0.0634021
0 0.330932 0.0203934 0.126425 0.0407869
0 0.332458 0.0144051 0.128314 0.0288102
0 0.0499851 0.0162777 0.0999701 0.0325553
0 0.0302232 0.940635 0.0604463 0.118731
0 0.95806 0.0322761 0.0824112 0.0645522
0 0.127823 0.943798 0.245463 0.112404
